id,time_unix,symbol,slug,open,high,low,close,volume,marketcap,created_at,updated_at
177907,1544713200,NYC,newyorkcoin,1.0e-05,1.2e-05,1.0e-05,1.1e-05,1168.0,1425264.0,2018-12-15 09:01:20 UTC,2018-12-15 09:01:20 UTC
177908,1544626800,NYC,newyorkcoin,1.3e-05,1.3e-05,1.0e-05,1.0e-05,909.0,1393502.0,2018-12-15 09:01:20 UTC,2018-12-15 09:01:20 UTC
177909,1544540400,NYC,newyorkcoin,1.2e-05,1.4e-05,1.0e-05,1.3e-05,447.0,1695366.0,2018-12-15 09:01:20 UTC,2018-12-15 09:01:20 UTC
177910,1544454000,NYC,newyorkcoin,1.2e-05,1.3e-05,1.0e-05,1.2e-05,1445.0,1550815.0,2018-12-15 09:01:20 UTC,2018-12-15 09:01:20 UTC
177911,1544367600,NYC,newyorkcoin,1.4e-05,1.5e-05,9.0e-06,1.2e-05,2723.0,1568504.0,2018-12-15 09:01:20 UTC,2018-12-15 09:01:20 UTC
177912,1544281200,NYC,newyorkcoin,1.4e-05,1.5e-05,9.0e-06,1.4e-05,2431.0,1927032.0,2018-12-15 09:01:20 UTC,2018-12-15 09:01:20 UTC
177913,1544194800,NYC,newyorkcoin,1.0e-05,1.4e-05,1.0e-05,1.4e-05,668.0,1852091.0,2018-12-15 09:01:20 UTC,2018-12-15 09:01:20 UTC
177914,1544108400,NYC,newyorkcoin,1.2e-05,1.2e-05,1.0e-05,1.0e-05,3294.0,1367879.0,2018-12-15 09:01:20 UTC,2018-12-15 09:01:20 UTC
177915,1544022000,NYC,newyorkcoin,1.0e-05,2.2e-05,8.0e-06,1.3e-05,3855.0,1721913.0,2018-12-15 09:01:20 UTC,2018-12-15 09:01:20 UTC
177916,1543935600,NYC,newyorkcoin,1.1e-05,1.1e-05,8.0e-06,1.0e-05,3210.0,1312872.0,2018-12-15 09:01:20 UTC,2018-12-15 09:01:20 UTC
177917,1543849200,NYC,newyorkcoin,1.2e-05,1.3e-05,1.0e-05,1.1e-05,1863.0,1535148.0,2018-12-15 09:01:20 UTC,2018-12-15 09:01:20 UTC
177918,1543762800,NYC,newyorkcoin,1.3e-05,1.6e-05,1.0e-05,1.2e-05,1626.0,1562276.0,2018-12-15 09:01:20 UTC,2018-12-15 09:01:20 UTC
177919,1543676400,NYC,newyorkcoin,1.2e-05,1.5e-05,1.1e-05,1.3e-05,506.0,1768106.0,2018-12-15 09:01:20 UTC,2018-12-15 09:01:20 UTC
177920,1543590000,NYC,newyorkcoin,1.0e-05,1.6e-05,9.0e-06,1.2e-05,758.0,1566911.0,2018-12-15 09:01:20 UTC,2018-12-15 09:01:20 UTC
177921,1543503600,NYC,newyorkcoin,1.3e-05,1.3e-05,8.0e-06,1.0e-05,2383.0,1333212.0,2018-12-15 09:01:20 UTC,2018-12-15 09:01:20 UTC
177922,1543417200,NYC,newyorkcoin,1.4e-05,1.6e-05,1.2e-05,1.3e-05,1100.0,1699758.0,2018-12-15 09:01:20 UTC,2018-12-15 09:01:20 UTC
177923,1543330800,NYC,newyorkcoin,1.4e-05,2.6e-05,1.1e-05,1.4e-05,708.0,1845050.0,2018-12-15 09:01:20 UTC,2018-12-15 09:01:20 UTC
177924,1543244400,NYC,newyorkcoin,1.3e-05,1.7e-05,1.0e-05,1.4e-05,391.0,1887039.0,2018-12-15 09:01:20 UTC,2018-12-15 09:01:20 UTC
177925,1543158000,NYC,newyorkcoin,1.5e-05,2.0e-05,1.2e-05,1.3e-05,512.0,1730874.0,2018-12-15 09:01:20 UTC,2018-12-15 09:01:20 UTC
177926,1543071600,NYC,newyorkcoin,1.1e-05,1.7e-05,1.1e-05,1.5e-05,1727.0,1965658.0,2018-12-15 09:01:20 UTC,2018-12-15 09:01:20 UTC
177927,1542985200,NYC,newyorkcoin,1.8e-05,1.8e-05,1.1e-05,1.1e-05,1409.0,1500405.0,2018-12-15 09:01:20 UTC,2018-12-15 09:01:20 UTC
177928,1542898800,NYC,newyorkcoin,2.0e-05,2.0e-05,1.4e-05,1.8e-05,1638.0,2381349.0,2018-12-15 09:01:20 UTC,2018-12-15 09:01:20 UTC
177929,1542812400,NYC,newyorkcoin,2.0e-05,2.2e-05,1.8e-05,2.0e-05,2185.0,2733284.0,2018-12-15 09:01:20 UTC,2018-12-15 09:01:20 UTC
177930,1542726000,NYC,newyorkcoin,1.6e-05,2.5e-05,1.3e-05,2.0e-05,3455.0,2636009.0,2018-12-15 09:01:20 UTC,2018-12-15 09:01:20 UTC
177931,1542639600,NYC,newyorkcoin,1.8e-05,2.0e-05,1.5e-05,1.6e-05,5245.0,2081804.0,2018-12-15 09:01:20 UTC,2018-12-15 09:01:20 UTC
177932,1542553200,NYC,newyorkcoin,1.4e-05,1.8e-05,1.3e-05,1.8e-05,4320.0,2364864.0,2018-12-15 09:01:20 UTC,2018-12-15 09:01:20 UTC
177933,1542466800,NYC,newyorkcoin,1.5e-05,1.5e-05,1.0e-05,1.4e-05,5431.0,1914930.0,2018-12-15 09:01:20 UTC,2018-12-15 09:01:20 UTC
177934,1542380400,NYC,newyorkcoin,1.6e-05,1.6e-05,1.1e-05,1.5e-05,1597.0,1948557.0,2018-12-15 09:01:20 UTC,2018-12-15 09:01:20 UTC
177935,1542294000,NYC,newyorkcoin,1.9e-05,1.9e-05,8.0e-06,1.6e-05,2125.0,2140936.0,2018-12-15 09:01:20 UTC,2018-12-15 09:01:20 UTC
177936,1542207600,NYC,newyorkcoin,1.2e-05,2.0e-05,1.1e-05,1.9e-05,4873.0,2480473.0,2018-12-15 09:01:20 UTC,2018-12-15 09:01:20 UTC
177937,1542121200,NYC,newyorkcoin,1.2e-05,2.3e-05,1.1e-05,1.6e-05,5620.0,2132103.0,2018-12-15 09:01:20 UTC,2018-12-15 09:01:20 UTC
177938,1542034800,NYC,newyorkcoin,1.3e-05,1.9e-05,1.2e-05,1.2e-05,2374.0,1632728.0,2018-12-15 09:01:20 UTC,2018-12-15 09:01:20 UTC
177939,1541948400,NYC,newyorkcoin,1.4e-05,1.5e-05,7.0e-06,1.3e-05,3913.0,1714630.0,2018-12-15 09:01:20 UTC,2018-12-15 09:01:20 UTC
177940,1541862000,NYC,newyorkcoin,2.4e-05,2.8e-05,1.2e-05,1.4e-05,6779.0,1913965.0,2018-12-15 09:01:20 UTC,2018-12-15 09:01:20 UTC
177941,1541775600,NYC,newyorkcoin,2.4e-05,2.6e-05,7.0e-06,2.4e-05,3841.0,3208924.0,2018-12-15 09:01:20 UTC,2018-12-15 09:01:20 UTC
177942,1541689200,NYC,newyorkcoin,3.5e-05,3.7e-05,1.4e-05,2.4e-05,2740.0,3152486.0,2018-12-15 09:01:20 UTC,2018-12-15 09:01:20 UTC
177943,1541602800,NYC,newyorkcoin,1.5e-05,3.5e-05,7.0e-06,3.5e-05,7707.0,4742447.0,2018-12-15 09:01:20 UTC,2018-12-15 09:01:20 UTC
177944,1541516400,NYC,newyorkcoin,2.0e-05,2.7e-05,1.3e-05,1.5e-05,4920.0,2031826.0,2018-12-15 09:01:20 UTC,2018-12-15 09:01:20 UTC
177945,1541430000,NYC,newyorkcoin,3.8e-05,4.0e-05,1.3e-05,2.0e-05,4736.0,2664074.0,2018-12-15 09:01:20 UTC,2018-12-15 09:01:20 UTC
177946,1541343600,NYC,newyorkcoin,3.4e-05,4.4e-05,1.9e-05,3.8e-05,9106.0,5043225.0,2018-12-15 09:01:20 UTC,2018-12-15 09:01:20 UTC
177947,1541257200,NYC,newyorkcoin,2.6e-05,3.4e-05,1.8e-05,3.4e-05,5665.0,4504352.0,2018-12-15 09:01:20 UTC,2018-12-15 09:01:20 UTC
177948,1541170800,NYC,newyorkcoin,6.2e-05,6.4e-05,2.7e-05,2.7e-05,3499.0,3554439.0,2018-12-15 09:01:20 UTC,2018-12-15 09:01:20 UTC
177949,1541084400,NYC,newyorkcoin,9.0e-06,6.2e-05,7.0e-06,6.2e-05,10240.0,8256933.0,2018-12-15 09:01:20 UTC,2018-12-15 09:01:20 UTC
177950,1540998000,NYC,newyorkcoin,1.8e-05,1.9e-05,9.0e-06,9.0e-06,5991.0,1265219.0,2018-12-15 09:01:20 UTC,2018-12-15 09:01:20 UTC
177951,1540911600,NYC,newyorkcoin,1.2e-05,2.6e-05,1.1e-05,1.8e-05,9255.0,2474751.0,2018-12-15 09:01:20 UTC,2018-12-15 09:01:20 UTC
177952,1540825200,NYC,newyorkcoin,1.8e-05,1.8e-05,8.0e-06,1.2e-05,9607.0,1565501.0,2018-12-15 09:01:20 UTC,2018-12-15 09:01:20 UTC
177953,1540738800,NYC,newyorkcoin,9.0e-06,2.1e-05,9.0e-06,1.8e-05,14724.0,2350429.0,2018-12-15 09:01:20 UTC,2018-12-15 09:01:20 UTC
177954,1540652400,NYC,newyorkcoin,1.1e-05,1.2e-05,9.0e-06,9.0e-06,10189.0,1272362.0,2018-12-15 09:01:20 UTC,2018-12-15 09:01:20 UTC
177955,1540566000,NYC,newyorkcoin,1.3e-05,1.5e-05,9.0e-06,1.1e-05,21452.0,1435511.0,2018-12-15 09:01:20 UTC,2018-12-15 09:01:20 UTC
177956,1540479600,NYC,newyorkcoin,9.0e-06,1.5e-05,8.0e-06,1.3e-05,4985.0,1785181.0,2018-12-15 09:01:20 UTC,2018-12-15 09:01:20 UTC
177957,1540393200,NYC,newyorkcoin,7.0e-06,9.0e-06,7.0e-06,9.0e-06,4998.0,1210363.0,2018-12-15 09:01:20 UTC,2018-12-15 09:01:20 UTC
177958,1540306800,NYC,newyorkcoin,1.0e-05,1.1e-05,7.0e-06,7.0e-06,13513.0,946844.0,2018-12-15 09:01:20 UTC,2018-12-15 09:01:20 UTC
177959,1540220400,NYC,newyorkcoin,8.0e-06,1.1e-05,8.0e-06,1.0e-05,8500.0,1296822.0,2018-12-15 09:01:20 UTC,2018-12-15 09:01:20 UTC
177960,1540134000,NYC,newyorkcoin,7.0e-06,9.0e-06,5.0e-06,8.0e-06,29272.0,1107472.0,2018-12-15 09:01:20 UTC,2018-12-15 09:01:20 UTC
177961,1540047600,NYC,newyorkcoin,9.0e-06,1.1e-05,5.0e-06,7.0e-06,17741.0,976677.0,2018-12-15 09:01:20 UTC,2018-12-15 09:01:20 UTC
177962,1539961200,NYC,newyorkcoin,9.0e-06,1.2e-05,7.0e-06,9.0e-06,22029.0,1255529.0,2018-12-15 09:01:20 UTC,2018-12-15 09:01:20 UTC
177963,1539874800,NYC,newyorkcoin,7.0e-06,9.0e-06,5.0e-06,9.0e-06,29859.0,1223041.0,2018-12-15 09:01:20 UTC,2018-12-15 09:01:20 UTC
177964,1539788400,NYC,newyorkcoin,9.0e-06,1.8e-05,6.0e-06,7.0e-06,88733.0,960380.0,2018-12-15 09:01:20 UTC,2018-12-15 09:01:20 UTC
177965,1539702000,NYC,newyorkcoin,1.3e-05,1.7e-05,6.0e-06,9.0e-06,61474.0,1236162.0,2018-12-15 09:01:20 UTC,2018-12-15 09:01:20 UTC
177966,1539615600,NYC,newyorkcoin,1.6e-05,1.8e-05,9.0e-06,1.3e-05,41072.0,1709082.0,2018-12-15 09:01:20 UTC,2018-12-15 09:01:20 UTC
177967,1539529200,NYC,newyorkcoin,1.8e-05,1.8e-05,1.4e-05,1.5e-05,5215.0,1981446.0,2018-12-15 09:01:20 UTC,2018-12-15 09:01:20 UTC
177968,1539442800,NYC,newyorkcoin,1.5e-05,1.8e-05,1.4e-05,1.8e-05,3330.0,2375077.0,2018-12-15 09:01:20 UTC,2018-12-15 09:01:20 UTC
177969,1539356400,NYC,newyorkcoin,1.6e-05,2.0e-05,1.4e-05,1.5e-05,11117.0,1983497.0,2018-12-15 09:01:20 UTC,2018-12-15 09:01:20 UTC
177970,1539270000,NYC,newyorkcoin,1.7e-05,1.9e-05,1.6e-05,1.6e-05,8891.0,2188327.0,2018-12-15 09:01:20 UTC,2018-12-15 09:01:20 UTC
177971,1539183600,NYC,newyorkcoin,2.0e-05,2.0e-05,1.4e-05,1.7e-05,10999.0,2241266.0,2018-12-15 09:01:20 UTC,2018-12-15 09:01:20 UTC
177972,1539097200,NYC,newyorkcoin,2.3e-05,2.6e-05,1.7e-05,2.0e-05,24426.0,2692608.0,2018-12-15 09:01:20 UTC,2018-12-15 09:01:20 UTC
177973,1539010800,NYC,newyorkcoin,2.5e-05,2.5e-05,1.9e-05,2.4e-05,18635.0,3214566.0,2018-12-15 09:01:20 UTC,2018-12-15 09:01:20 UTC
177974,1538924400,NYC,newyorkcoin,2.6e-05,2.8e-05,2.2e-05,2.5e-05,19396.0,3364687.0,2018-12-15 09:01:20 UTC,2018-12-15 09:01:20 UTC
177975,1538838000,NYC,newyorkcoin,2.7e-05,2.8e-05,2.6e-05,2.6e-05,1179.0,3430091.0,2018-12-15 09:01:20 UTC,2018-12-15 09:01:20 UTC
177976,1538751600,NYC,newyorkcoin,2.6e-05,2.8e-05,2.5e-05,2.7e-05,2934.0,3559613.0,2018-12-15 09:01:20 UTC,2018-12-15 09:01:20 UTC
177977,1538665200,NYC,newyorkcoin,3.0e-05,3.0e-05,2.5e-05,2.6e-05,2562.0,3510077.0,2018-12-15 09:01:20 UTC,2018-12-15 09:01:20 UTC
177978,1538578800,NYC,newyorkcoin,2.8e-05,3.1e-05,2.6e-05,3.0e-05,3091.0,4001291.0,2018-12-15 09:01:20 UTC,2018-12-15 09:01:20 UTC
177979,1538492400,NYC,newyorkcoin,2.7e-05,3.0e-05,2.6e-05,2.8e-05,3573.0,3779292.0,2018-12-15 09:01:20 UTC,2018-12-15 09:01:20 UTC
177980,1538406000,NYC,newyorkcoin,2.8e-05,3.0e-05,2.6e-05,2.7e-05,3672.0,3564424.0,2018-12-15 09:01:20 UTC,2018-12-15 09:01:20 UTC
177981,1538319600,NYC,newyorkcoin,2.9e-05,3.0e-05,2.8e-05,2.8e-05,5038.0,3793941.0,2018-12-15 09:01:20 UTC,2018-12-15 09:01:20 UTC
177982,1538233200,NYC,newyorkcoin,3.0e-05,3.0e-05,2.8e-05,2.9e-05,1981.0,3891136.0,2018-12-15 09:01:20 UTC,2018-12-15 09:01:20 UTC
177983,1538146800,NYC,newyorkcoin,3.1e-05,3.3e-05,2.9e-05,3.0e-05,2362.0,3979056.0,2018-12-15 09:01:20 UTC,2018-12-15 09:01:20 UTC
177984,1538060400,NYC,newyorkcoin,2.9e-05,3.1e-05,2.8e-05,3.1e-05,2115.0,4156692.0,2018-12-15 09:01:20 UTC,2018-12-15 09:01:20 UTC
177985,1537974000,NYC,newyorkcoin,3.0e-05,3.1e-05,2.7e-05,2.9e-05,5576.0,3831455.0,2018-12-15 09:01:20 UTC,2018-12-15 09:01:20 UTC
177986,1537887600,NYC,newyorkcoin,3.0e-05,3.6e-05,2.9e-05,3.0e-05,3114.0,4023673.0,2018-12-15 09:01:20 UTC,2018-12-15 09:01:20 UTC
177987,1537801200,NYC,newyorkcoin,3.0e-05,3.0e-05,2.6e-05,3.0e-05,7652.0,4082885.0,2018-12-15 09:01:20 UTC,2018-12-15 09:01:20 UTC
177988,1537714800,NYC,newyorkcoin,3.0e-05,3.2e-05,2.8e-05,3.0e-05,2037.0,3969808.0,2018-12-15 09:01:20 UTC,2018-12-15 09:01:20 UTC
177989,1537628400,NYC,newyorkcoin,2.9e-05,3.0e-05,2.7e-05,3.0e-05,2005.0,3992901.0,2018-12-15 09:01:20 UTC,2018-12-15 09:01:20 UTC
177990,1537542000,NYC,newyorkcoin,2.9e-05,3.0e-05,2.7e-05,2.9e-05,1428.0,3826054.0,2018-12-15 09:01:20 UTC,2018-12-15 09:01:20 UTC
177991,1537455600,NYC,newyorkcoin,2.8e-05,3.1e-05,2.7e-05,2.9e-05,4560.0,3879114.0,2018-12-15 09:01:20 UTC,2018-12-15 09:01:20 UTC
177992,1537369200,NYC,newyorkcoin,2.9e-05,3.0e-05,2.6e-05,2.8e-05,5421.0,3722037.0,2018-12-15 09:01:20 UTC,2018-12-15 09:01:20 UTC
177993,1537282800,NYC,newyorkcoin,2.6e-05,3.1e-05,2.6e-05,2.9e-05,9171.0,3936490.0,2018-12-15 09:01:20 UTC,2018-12-15 09:01:20 UTC
177994,1537196400,NYC,newyorkcoin,2.5e-05,2.6e-05,2.3e-05,2.6e-05,5611.0,3527273.0,2018-12-15 09:01:20 UTC,2018-12-15 09:01:20 UTC
177995,1537110000,NYC,newyorkcoin,2.8e-05,2.9e-05,2.4e-05,2.5e-05,3040.0,3296107.0,2018-12-15 09:01:20 UTC,2018-12-15 09:01:20 UTC
177996,1537023600,NYC,newyorkcoin,3.2e-05,3.3e-05,2.6e-05,2.8e-05,2390.0,3729824.0,2018-12-15 09:01:20 UTC,2018-12-15 09:01:20 UTC
177997,1536937200,NYC,newyorkcoin,3.1e-05,3.2e-05,2.8e-05,3.2e-05,5283.0,4274902.0,2018-12-15 09:01:20 UTC,2018-12-15 09:01:20 UTC
177998,1536850800,NYC,newyorkcoin,2.6e-05,3.2e-05,2.4e-05,3.1e-05,7052.0,4154534.0,2018-12-15 09:01:20 UTC,2018-12-15 09:01:20 UTC
177999,1536764400,NYC,newyorkcoin,2.1e-05,2.6e-05,2.1e-05,2.6e-05,6925.0,3453773.0,2018-12-15 09:01:20 UTC,2018-12-15 09:01:20 UTC
178000,1536678000,NYC,newyorkcoin,2.2e-05,2.3e-05,2.0e-05,2.1e-05,2998.0,2820802.0,2018-12-15 09:01:20 UTC,2018-12-15 09:01:20 UTC
178001,1536591600,NYC,newyorkcoin,2.5e-05,2.5e-05,2.1e-05,2.2e-05,3104.0,3002419.0,2018-12-15 09:01:20 UTC,2018-12-15 09:01:20 UTC
178002,1536505200,NYC,newyorkcoin,2.6e-05,3.2e-05,2.4e-05,2.5e-05,8809.0,3287261.0,2018-12-15 09:01:20 UTC,2018-12-15 09:01:20 UTC
178003,1536418800,NYC,newyorkcoin,2.8e-05,3.9e-05,1.8e-05,2.6e-05,357.0,3536306.0,2018-12-15 09:01:20 UTC,2018-12-15 09:01:20 UTC
178004,1536332400,NYC,newyorkcoin,3.3e-05,6.4e-05,2.7e-05,2.8e-05,277.0,3737758.0,2018-12-15 09:01:20 UTC,2018-12-15 09:01:20 UTC
178005,1536246000,NYC,newyorkcoin,3.2e-05,3.4e-05,3.2e-05,3.3e-05,3835.0,4445998.0,2018-12-15 09:01:20 UTC,2018-12-15 09:01:20 UTC
178006,1536159600,NYC,newyorkcoin,3.4e-05,3.7e-05,2.5e-05,3.2e-05,4302.0,4255401.0,2018-12-15 09:01:20 UTC,2018-12-15 09:01:20 UTC
178007,1536073200,NYC,newyorkcoin,3.5e-05,3.8e-05,3.1e-05,3.5e-05,8000.0,4653280.0,2018-12-15 09:01:20 UTC,2018-12-15 09:01:20 UTC
178008,1535986800,NYC,newyorkcoin,3.2e-05,3.5e-05,3.1e-05,3.5e-05,2840.0,4701475.0,2018-12-15 09:01:20 UTC,2018-12-15 09:01:20 UTC
178009,1535900400,NYC,newyorkcoin,3.4e-05,3.7e-05,3.1e-05,3.2e-05,3288.0,4248110.0,2018-12-15 09:01:20 UTC,2018-12-15 09:01:20 UTC
178010,1535814000,NYC,newyorkcoin,4.2e-05,4.6e-05,3.2e-05,3.4e-05,11704.0,4560642.0,2018-12-15 09:01:20 UTC,2018-12-15 09:01:20 UTC
178011,1535727600,NYC,newyorkcoin,3.9e-05,4.8e-05,3.3e-05,4.2e-05,4114.0,5627076.0,2018-12-15 09:01:20 UTC,2018-12-15 09:01:20 UTC
178012,1535641200,NYC,newyorkcoin,3.5e-05,4.0e-05,3.2e-05,3.9e-05,4949.0,5184902.0,2018-12-15 09:01:20 UTC,2018-12-15 09:01:20 UTC
178013,1535554800,NYC,newyorkcoin,3.3e-05,3.8e-05,3.3e-05,3.5e-05,13845.0,4670234.0,2018-12-15 09:01:20 UTC,2018-12-15 09:01:20 UTC
178014,1535468400,NYC,newyorkcoin,3.4e-05,3.7e-05,3.3e-05,3.3e-05,4824.0,4465230.0,2018-12-15 09:01:20 UTC,2018-12-15 09:01:20 UTC
178015,1535382000,NYC,newyorkcoin,3.6e-05,4.2e-05,3.1e-05,3.6e-05,6438.0,4781394.0,2018-12-15 09:01:20 UTC,2018-12-15 09:01:20 UTC
178016,1535295600,NYC,newyorkcoin,3.1e-05,3.5e-05,2.8e-05,3.5e-05,6989.0,4738962.0,2018-12-15 09:01:20 UTC,2018-12-15 09:01:20 UTC
178017,1535209200,NYC,newyorkcoin,2.9e-05,3.3e-05,2.9e-05,3.0e-05,4770.0,4085002.0,2018-12-15 09:01:20 UTC,2018-12-15 09:01:20 UTC
178018,1535122800,NYC,newyorkcoin,3.2e-05,3.3e-05,2.9e-05,2.9e-05,1337.0,3936115.0,2018-12-15 09:01:20 UTC,2018-12-15 09:01:20 UTC
178019,1535036400,NYC,newyorkcoin,3.0e-05,3.2e-05,2.9e-05,3.2e-05,4809.0,4247507.0,2018-12-15 09:01:20 UTC,2018-12-15 09:01:20 UTC
178020,1534950000,NYC,newyorkcoin,3.0e-05,3.1e-05,2.8e-05,3.0e-05,3241.0,4042316.0,2018-12-15 09:01:20 UTC,2018-12-15 09:01:20 UTC
178021,1534863600,NYC,newyorkcoin,3.2e-05,3.2e-05,2.7e-05,3.0e-05,4349.0,4003435.0,2018-12-15 09:01:20 UTC,2018-12-15 09:01:20 UTC
178022,1534777200,NYC,newyorkcoin,3.3e-05,3.4e-05,2.8e-05,3.2e-05,8228.0,4237509.0,2018-12-15 09:01:20 UTC,2018-12-15 09:01:20 UTC
178023,1534690800,NYC,newyorkcoin,4.2e-05,4.2e-05,3.3e-05,3.4e-05,3367.0,4500894.0,2018-12-15 09:01:20 UTC,2018-12-15 09:01:20 UTC
178024,1534604400,NYC,newyorkcoin,3.5e-05,4.2e-05,3.4e-05,4.2e-05,1746.0,5568480.0,2018-12-15 09:01:20 UTC,2018-12-15 09:01:20 UTC
178025,1534518000,NYC,newyorkcoin,3.9e-05,3.9e-05,3.4e-05,3.5e-05,2657.0,4737474.0,2018-12-15 09:01:20 UTC,2018-12-15 09:01:20 UTC
178026,1534431600,NYC,newyorkcoin,3.7e-05,4.0e-05,3.5e-05,3.9e-05,4073.0,5161126.0,2018-12-15 09:01:20 UTC,2018-12-15 09:01:20 UTC
178027,1534345200,NYC,newyorkcoin,3.7e-05,3.8e-05,3.4e-05,3.7e-05,3609.0,4951203.0,2018-12-15 09:01:20 UTC,2018-12-15 09:01:20 UTC
178028,1534258800,NYC,newyorkcoin,3.3e-05,3.9e-05,3.3e-05,3.7e-05,9389.0,4990968.0,2018-12-15 09:01:20 UTC,2018-12-15 09:01:20 UTC
178029,1534172400,NYC,newyorkcoin,4.2e-05,4.2e-05,3.0e-05,3.3e-05,5988.0,4395524.0,2018-12-15 09:01:20 UTC,2018-12-15 09:01:20 UTC
178030,1534086000,NYC,newyorkcoin,4.1e-05,4.6e-05,3.9e-05,4.3e-05,9518.0,5696782.0,2018-12-15 09:01:20 UTC,2018-12-15 09:01:20 UTC
178031,1533999600,NYC,newyorkcoin,4.3e-05,4.4e-05,3.7e-05,4.1e-05,5578.0,5478523.0,2018-12-15 09:01:20 UTC,2018-12-15 09:01:20 UTC
178032,1533913200,NYC,newyorkcoin,4.2e-05,4.6e-05,3.9e-05,4.3e-05,16867.0,5729940.0,2018-12-15 09:01:20 UTC,2018-12-15 09:01:20 UTC
178033,1533826800,NYC,newyorkcoin,4.6e-05,4.7e-05,4.1e-05,4.2e-05,6828.0,5668597.0,2018-12-15 09:01:20 UTC,2018-12-15 09:01:20 UTC
178034,1533740400,NYC,newyorkcoin,4.2e-05,4.7e-05,4.0e-05,4.6e-05,6688.0,6173253.0,2018-12-15 09:01:20 UTC,2018-12-15 09:01:20 UTC
178035,1533654000,NYC,newyorkcoin,4.4e-05,4.5e-05,4.1e-05,4.2e-05,7730.0,5616019.0,2018-12-15 09:01:20 UTC,2018-12-15 09:01:20 UTC
178036,1533567600,NYC,newyorkcoin,4.5e-05,4.8e-05,4.2e-05,4.4e-05,7009.0,5910511.0,2018-12-15 09:01:20 UTC,2018-12-15 09:01:20 UTC
178037,1533481200,NYC,newyorkcoin,4.9e-05,5.0e-05,4.3e-05,4.5e-05,9361.0,6019567.0,2018-12-15 09:01:20 UTC,2018-12-15 09:01:20 UTC
178038,1533394800,NYC,newyorkcoin,5.0e-05,5.5e-05,4.6e-05,4.9e-05,8800.0,6564752.0,2018-12-15 09:01:20 UTC,2018-12-15 09:01:20 UTC
178039,1533308400,NYC,newyorkcoin,5.3e-05,5.4e-05,4.8e-05,5.0e-05,8344.0,6737188.0,2018-12-15 09:01:20 UTC,2018-12-15 09:01:20 UTC
178040,1533222000,NYC,newyorkcoin,4.9e-05,5.3e-05,4.7e-05,5.3e-05,8893.0,7120472.0,2018-12-15 09:01:20 UTC,2018-12-15 09:01:20 UTC
178041,1533135600,NYC,newyorkcoin,5.2e-05,5.3e-05,4.6e-05,4.9e-05,5953.0,6587617.0,2018-12-15 09:01:20 UTC,2018-12-15 09:01:20 UTC
178042,1533049200,NYC,newyorkcoin,4.8e-05,5.2e-05,4.5e-05,5.2e-05,18181.0,7014445.0,2018-12-15 09:01:20 UTC,2018-12-15 09:01:20 UTC
178043,1532962800,NYC,newyorkcoin,6.3e-05,6.3e-05,2.9e-05,4.8e-05,27670.0,6422029.0,2018-12-15 09:01:20 UTC,2018-12-15 09:01:20 UTC
178044,1532876400,NYC,newyorkcoin,6.1e-05,6.4e-05,5.7e-05,6.1e-05,6518.0,8213389.0,2018-12-15 09:01:20 UTC,2018-12-15 09:01:20 UTC
178045,1532790000,NYC,newyorkcoin,5.9e-05,6.1e-05,5.5e-05,6.1e-05,5357.0,8146162.0,2018-12-15 09:01:20 UTC,2018-12-15 09:01:20 UTC
178046,1532703600,NYC,newyorkcoin,5.6e-05,5.9e-05,5.5e-05,5.9e-05,4753.0,7861655.0,2018-12-15 09:01:20 UTC,2018-12-15 09:01:20 UTC
178047,1532617200,NYC,newyorkcoin,5.9e-05,6.6e-05,5.6e-05,5.6e-05,5918.0,7553344.0,2018-12-15 09:01:20 UTC,2018-12-15 09:01:20 UTC
178048,1532530800,NYC,newyorkcoin,6.3e-05,6.4e-05,5.4e-05,5.9e-05,16670.0,7947591.0,2018-12-15 09:01:20 UTC,2018-12-15 09:01:20 UTC
178049,1532444400,NYC,newyorkcoin,6.1e-05,6.5e-05,6.0e-05,6.0e-05,11589.0,8088397.0,2018-12-15 09:01:20 UTC,2018-12-15 09:01:20 UTC
178050,1532358000,NYC,newyorkcoin,6.5e-05,6.7e-05,6.1e-05,6.1e-05,11731.0,8235811.0,2018-12-15 09:01:20 UTC,2018-12-15 09:01:20 UTC
178051,1532271600,NYC,newyorkcoin,6.1e-05,6.5e-05,5.9e-05,6.5e-05,4884.0,8666700.0,2018-12-15 09:01:20 UTC,2018-12-15 09:01:20 UTC
178052,1532185200,NYC,newyorkcoin,6.1e-05,6.6e-05,6.0e-05,6.1e-05,8371.0,8224379.0,2018-12-15 09:01:20 UTC,2018-12-15 09:01:20 UTC
178053,1532098800,NYC,newyorkcoin,6.2e-05,6.6e-05,5.9e-05,6.1e-05,16651.0,8121528.0,2018-12-15 09:01:20 UTC,2018-12-15 09:01:20 UTC
178054,1532012400,NYC,newyorkcoin,6.6e-05,6.6e-05,6.0e-05,6.0e-05,12160.0,8059113.0,2018-12-15 09:01:20 UTC,2018-12-15 09:01:20 UTC
178055,1531926000,NYC,newyorkcoin,6.4e-05,6.8e-05,6.2e-05,6.6e-05,7839.0,8863341.0,2018-12-15 09:01:20 UTC,2018-12-15 09:01:20 UTC
178056,1531839600,NYC,newyorkcoin,6.6e-05,7.3e-05,6.2e-05,6.4e-05,14366.0,8591566.0,2018-12-15 09:01:20 UTC,2018-12-15 09:01:20 UTC
178057,1531753200,NYC,newyorkcoin,6.3e-05,7.0e-05,6.2e-05,6.6e-05,15656.0,8874773.0,2018-12-15 09:01:20 UTC,2018-12-15 09:01:20 UTC
178058,1531666800,NYC,newyorkcoin,6.3e-05,6.8e-05,6.2e-05,6.3e-05,7230.0,8403757.0,2018-12-15 09:01:20 UTC,2018-12-15 09:01:20 UTC
178059,1531580400,NYC,newyorkcoin,6.4e-05,6.6e-05,6.0e-05,6.3e-05,7885.0,8462527.0,2018-12-15 09:01:20 UTC,2018-12-15 09:01:20 UTC
178060,1531494000,NYC,newyorkcoin,6.1e-05,6.5e-05,5.9e-05,6.4e-05,12964.0,8553181.0,2018-12-15 09:01:20 UTC,2018-12-15 09:01:20 UTC
178061,1531407600,NYC,newyorkcoin,6.1e-05,6.3e-05,6.0e-05,6.1e-05,12003.0,8163532.0,2018-12-15 09:01:20 UTC,2018-12-15 09:01:20 UTC
178062,1531321200,NYC,newyorkcoin,5.6e-05,9.7e-05,5.1e-05,6.1e-05,58672.0,8213174.0,2018-12-15 09:01:20 UTC,2018-12-15 09:01:20 UTC
178063,1531234800,NYC,newyorkcoin,5.3e-05,5.7e-05,4.7e-05,5.5e-05,15463.0,7418382.0,2018-12-15 09:01:20 UTC,2018-12-15 09:01:20 UTC
178064,1531148400,NYC,newyorkcoin,6.1e-05,6.2e-05,4.8e-05,5.3e-05,7727.0,7058164.0,2018-12-15 09:01:20 UTC,2018-12-15 09:01:20 UTC
178065,1531062000,NYC,newyorkcoin,6.2e-05,6.2e-05,5.6e-05,6.1e-05,12694.0,8228064.0,2018-12-15 09:01:20 UTC,2018-12-15 09:01:20 UTC
178066,1530975600,NYC,newyorkcoin,6.1e-05,6.3e-05,5.8e-05,6.0e-05,6301.0,8025325.0,2018-12-15 09:01:20 UTC,2018-12-15 09:01:20 UTC
178067,1530889200,NYC,newyorkcoin,5.7e-05,6.1e-05,5.6e-05,6.1e-05,5383.0,8110672.0,2018-12-15 09:01:20 UTC,2018-12-15 09:01:20 UTC
178068,1530802800,NYC,newyorkcoin,6.0e-05,6.2e-05,5.6e-05,5.7e-05,12846.0,7659210.0,2018-12-15 09:01:20 UTC,2018-12-15 09:01:20 UTC
178069,1530716400,NYC,newyorkcoin,5.6e-05,6.1e-05,5.5e-05,6.0e-05,15679.0,7981030.0,2018-12-15 09:01:20 UTC,2018-12-15 09:01:20 UTC
178070,1530630000,NYC,newyorkcoin,5.2e-05,6.0e-05,4.9e-05,5.6e-05,19030.0,7453054.0,2018-12-15 09:01:20 UTC,2018-12-15 09:01:20 UTC
178071,1530543600,NYC,newyorkcoin,4.9e-05,5.5e-05,4.8e-05,5.2e-05,8047.0,6975015.0,2018-12-15 09:01:20 UTC,2018-12-15 09:01:20 UTC
178072,1530457200,NYC,newyorkcoin,4.7e-05,4.9e-05,4.4e-05,4.9e-05,8316.0,6510177.0,2018-12-15 09:01:20 UTC,2018-12-15 09:01:20 UTC
178073,1530370800,NYC,newyorkcoin,4.6e-05,4.8e-05,4.2e-05,4.7e-05,3575.0,6273034.0,2018-12-15 09:01:20 UTC,2018-12-15 09:01:20 UTC
178074,1530284400,NYC,newyorkcoin,4.5e-05,4.8e-05,4.4e-05,4.5e-05,4122.0,6094044.0,2018-12-15 09:01:20 UTC,2018-12-15 09:01:20 UTC
178075,1530198000,NYC,newyorkcoin,4.3e-05,4.6e-05,4.0e-05,4.5e-05,9204.0,6007826.0,2018-12-15 09:01:20 UTC,2018-12-15 09:01:20 UTC
178076,1530111600,NYC,newyorkcoin,4.8e-05,4.8e-05,4.1e-05,4.3e-05,12067.0,5773592.0,2018-12-15 09:01:20 UTC,2018-12-15 09:01:20 UTC
178077,1530025200,NYC,newyorkcoin,4.9e-05,5.0e-05,4.5e-05,4.8e-05,3013.0,6379718.0,2018-12-15 09:01:20 UTC,2018-12-15 09:01:20 UTC
178078,1529938800,NYC,newyorkcoin,5.1e-05,5.1e-05,4.6e-05,4.9e-05,6144.0,6551055.0,2018-12-15 09:01:20 UTC,2018-12-15 09:01:20 UTC
178079,1529852400,NYC,newyorkcoin,5.1e-05,5.5e-05,5.0e-05,5.1e-05,12291.0,6776618.0,2018-12-15 09:01:20 UTC,2018-12-15 09:01:20 UTC
178080,1529766000,NYC,newyorkcoin,5.4e-05,5.6e-05,4.8e-05,5.1e-05,7830.0,6898487.0,2018-12-15 09:01:20 UTC,2018-12-15 09:01:20 UTC
178081,1529679600,NYC,newyorkcoin,5.5e-05,5.7e-05,5.3e-05,5.4e-05,6490.0,7178799.0,2018-12-15 09:01:20 UTC,2018-12-15 09:01:20 UTC
178082,1529593200,NYC,newyorkcoin,6.0e-05,6.2e-05,5.5e-05,5.5e-05,7865.0,7362909.0,2018-12-15 09:01:20 UTC,2018-12-15 09:01:20 UTC
178083,1529506800,NYC,newyorkcoin,6.2e-05,6.4e-05,6.0e-05,6.0e-05,10715.0,8091493.0,2018-12-15 09:01:20 UTC,2018-12-15 09:01:20 UTC
178084,1529420400,NYC,newyorkcoin,6.1e-05,6.3e-05,6.0e-05,6.2e-05,5762.0,8264774.0,2018-12-15 09:01:20 UTC,2018-12-15 09:01:20 UTC
178085,1529334000,NYC,newyorkcoin,6.2e-05,6.3e-05,6.0e-05,6.1e-05,6687.0,8166212.0,2018-12-15 09:01:20 UTC,2018-12-15 09:01:20 UTC
178086,1529247600,NYC,newyorkcoin,5.8e-05,6.4e-05,5.6e-05,6.2e-05,9719.0,8301724.0,2018-12-15 09:01:20 UTC,2018-12-15 09:01:20 UTC
178087,1529161200,NYC,newyorkcoin,6.0e-05,6.1e-05,5.6e-05,5.9e-05,8179.0,7848373.0,2018-12-15 09:01:20 UTC,2018-12-15 09:01:20 UTC
178088,1529074800,NYC,newyorkcoin,6.0e-05,6.3e-05,5.9e-05,6.0e-05,19659.0,7989018.0,2018-12-15 09:01:20 UTC,2018-12-15 09:01:20 UTC
178089,1528988400,NYC,newyorkcoin,6.7e-05,6.7e-05,5.9e-05,6.0e-05,5682.0,8032764.0,2018-12-15 09:01:20 UTC,2018-12-15 09:01:20 UTC
178090,1528902000,NYC,newyorkcoin,6.2e-05,6.7e-05,5.9e-05,6.7e-05,11269.0,8937363.0,2018-12-15 09:01:20 UTC,2018-12-15 09:01:20 UTC
178091,1528815600,NYC,newyorkcoin,6.5e-05,6.6e-05,5.8e-05,6.1e-05,8721.0,8239322.0,2018-12-15 09:01:20 UTC,2018-12-15 09:01:20 UTC
178092,1528729200,NYC,newyorkcoin,6.6e-05,6.9e-05,6.2e-05,6.5e-05,11521.0,8712590.0,2018-12-15 09:01:20 UTC,2018-12-15 09:01:20 UTC
178093,1528642800,NYC,newyorkcoin,6.8e-05,6.9e-05,6.5e-05,6.7e-05,31922.0,8925220.0,2018-12-15 09:01:20 UTC,2018-12-15 09:01:20 UTC
178094,1528556400,NYC,newyorkcoin,7.2e-05,7.3e-05,6.6e-05,6.6e-05,17464.0,8899903.0,2018-12-15 09:01:20 UTC,2018-12-15 09:01:20 UTC
178095,1528470000,NYC,newyorkcoin,7.5e-05,7.8e-05,7.3e-05,7.3e-05,9872.0,9718445.0,2018-12-15 09:01:20 UTC,2018-12-15 09:01:20 UTC
178096,1528383600,NYC,newyorkcoin,7.8e-05,7.8e-05,7.3e-05,7.3e-05,11391.0,9849574.0,2018-12-15 09:01:20 UTC,2018-12-15 09:01:20 UTC
178097,1528297200,NYC,newyorkcoin,7.7e-05,7.8e-05,7.3e-05,7.7e-05,25717.0,10359565.0,2018-12-15 09:01:20 UTC,2018-12-15 09:01:20 UTC
178098,1528210800,NYC,newyorkcoin,8.0e-05,8.0e-05,7.4e-05,7.7e-05,10926.0,10332974.0,2018-12-15 09:01:20 UTC,2018-12-15 09:01:20 UTC
178099,1528124400,NYC,newyorkcoin,7.6e-05,0.000115,7.2e-05,8.0e-05,13240.0,10683556.0,2018-12-15 09:01:20 UTC,2018-12-15 09:01:20 UTC
178100,1528038000,NYC,newyorkcoin,7.6e-05,0.000104,7.2e-05,7.6e-05,12745.0,10171407.0,2018-12-15 09:01:20 UTC,2018-12-15 09:01:20 UTC
178101,1527951600,NYC,newyorkcoin,7.7e-05,0.000112,7.5e-05,9.7e-05,15948.0,12979625.0,2018-12-15 09:01:20 UTC,2018-12-15 09:01:20 UTC
178102,1527865200,NYC,newyorkcoin,7.7e-05,0.000119,7.4e-05,7.6e-05,23225.0,10224160.0,2018-12-15 09:01:20 UTC,2018-12-15 09:01:20 UTC
178103,1527778800,NYC,newyorkcoin,7.7e-05,0.00011,7.5e-05,7.7e-05,30137.0,10293785.0,2018-12-15 09:01:20 UTC,2018-12-15 09:01:20 UTC
178104,1527692400,NYC,newyorkcoin,7.3e-05,9.2e-05,7.0e-05,8.9e-05,34708.0,11947716.0,2018-12-15 09:01:20 UTC,2018-12-15 09:01:20 UTC
178105,1527606000,NYC,newyorkcoin,7.4e-05,7.7e-05,7.2e-05,7.3e-05,17066.0,9755583.0,2018-12-15 09:01:20 UTC,2018-12-15 09:01:20 UTC
178106,1527519600,NYC,newyorkcoin,7.1e-05,7.6e-05,6.9e-05,7.4e-05,11056.0,9906816.0,2018-12-15 09:01:20 UTC,2018-12-15 09:01:20 UTC
178107,1527433200,NYC,newyorkcoin,7.5e-05,9.0e-05,7.0e-05,9.0e-05,15230.0,11995884.0,2018-12-15 09:01:20 UTC,2018-12-15 09:01:20 UTC
178108,1527346800,NYC,newyorkcoin,7.3e-05,7.5e-05,7.1e-05,7.5e-05,18693.0,10005619.0,2018-12-15 09:01:20 UTC,2018-12-15 09:01:20 UTC
178109,1527260400,NYC,newyorkcoin,7.5e-05,9.2e-05,7.3e-05,7.3e-05,8371.0,9837606.0,2018-12-15 09:01:20 UTC,2018-12-15 09:01:20 UTC
178110,1527174000,NYC,newyorkcoin,7.7e-05,0.000101,7.4e-05,7.5e-05,17807.0,10054444.0,2018-12-15 09:01:20 UTC,2018-12-15 09:01:20 UTC
178111,1527087600,NYC,newyorkcoin,7.8e-05,0.000102,7.4e-05,7.7e-05,27446.0,10371453.0,2018-12-15 09:01:20 UTC,2018-12-15 09:01:20 UTC
178112,1527001200,NYC,newyorkcoin,8.3e-05,0.000109,7.6e-05,7.8e-05,39351.0,10465350.0,2018-12-15 09:01:20 UTC,2018-12-15 09:01:20 UTC
178113,1526914800,NYC,newyorkcoin,8.6e-05,0.000136,8.3e-05,8.3e-05,22705.0,11125555.0,2018-12-15 09:01:20 UTC,2018-12-15 09:01:20 UTC
178114,1526828400,NYC,newyorkcoin,9.5e-05,0.000121,8.5e-05,8.6e-05,41434.0,11466862.0,2018-12-15 09:01:20 UTC,2018-12-15 09:01:20 UTC
178115,1526742000,NYC,newyorkcoin,9.1e-05,0.000125,8.7e-05,9.2e-05,21289.0,12283313.0,2018-12-15 09:01:20 UTC,2018-12-15 09:01:20 UTC
178116,1526655600,NYC,newyorkcoin,0.000103,0.000109,8.7e-05,9.1e-05,27022.0,12214438.0,2018-12-15 09:01:20 UTC,2018-12-15 09:01:20 UTC
178117,1526569200,NYC,newyorkcoin,8.4e-05,0.000117,8.1e-05,0.000104,21383.0,13981713.0,2018-12-15 09:01:20 UTC,2018-12-15 09:01:20 UTC
178118,1526482800,NYC,newyorkcoin,8.5e-05,0.000135,8.3e-05,8.4e-05,26371.0,11227427.0,2018-12-15 09:01:20 UTC,2018-12-15 09:01:20 UTC
178119,1526396400,NYC,newyorkcoin,8.2e-05,0.000138,8.0e-05,8.4e-05,30403.0,11319931.0,2018-12-15 09:01:20 UTC,2018-12-15 09:01:20 UTC
178120,1526310000,NYC,newyorkcoin,8.3e-05,8.6e-05,8.1e-05,8.2e-05,33636.0,11016620.0,2018-12-15 09:01:20 UTC,2018-12-15 09:01:20 UTC
178121,1526223600,NYC,newyorkcoin,8.2e-05,8.6e-05,7.9e-05,8.3e-05,14819.0,11096311.0,2018-12-15 09:01:20 UTC,2018-12-15 09:01:20 UTC
178122,1526137200,NYC,newyorkcoin,8.4e-05,8.5e-05,7.8e-05,8.3e-05,13842.0,11062108.0,2018-12-15 09:01:20 UTC,2018-12-15 09:01:20 UTC
178123,1526050800,NYC,newyorkcoin,8.4e-05,8.5e-05,7.5e-05,8.3e-05,14455.0,11172343.0,2018-12-15 09:01:20 UTC,2018-12-15 09:01:20 UTC
178124,1525964400,NYC,newyorkcoin,8.7e-05,9.0e-05,7.6e-05,8.4e-05,28625.0,11200180.0,2018-12-15 09:01:20 UTC,2018-12-15 09:01:20 UTC
178125,1525878000,NYC,newyorkcoin,7.8e-05,9.2e-05,7.7e-05,8.7e-05,27166.0,11599895.0,2018-12-15 09:01:20 UTC,2018-12-15 09:01:20 UTC
178126,1525791600,NYC,newyorkcoin,7.4e-05,8.3e-05,6.8e-05,7.8e-05,23086.0,10512554.0,2018-12-15 09:01:20 UTC,2018-12-15 09:01:20 UTC
178127,1525705200,NYC,newyorkcoin,6.7e-05,7.5e-05,6.2e-05,7.4e-05,18430.0,9932804.0,2018-12-15 09:01:20 UTC,2018-12-15 09:01:20 UTC
178128,1525618800,NYC,newyorkcoin,6.3e-05,8.2e-05,5.4e-05,6.2e-05,28352.0,8249106.0,2018-12-15 09:01:20 UTC,2018-12-15 09:01:20 UTC
178129,1525532400,NYC,newyorkcoin,9.3e-05,9.4e-05,2.5e-05,6.7e-05,59893.0,9019600.0,2018-12-15 09:01:20 UTC,2018-12-15 09:01:20 UTC
178130,1525446000,NYC,newyorkcoin,0.000103,0.000103,9.2e-05,9.3e-05,21518.0,12434493.0,2018-12-15 09:01:20 UTC,2018-12-15 09:01:20 UTC
178131,1525359600,NYC,newyorkcoin,9.7e-05,0.000104,8.9e-05,0.000103,18817.0,13835358.0,2018-12-15 09:01:20 UTC,2018-12-15 09:01:20 UTC
178132,1525273200,NYC,newyorkcoin,8.4e-05,9.7e-05,8.4e-05,9.7e-05,20284.0,12969546.0,2018-12-15 09:01:20 UTC,2018-12-15 09:01:20 UTC
178133,1525186800,NYC,newyorkcoin,8.5e-05,8.8e-05,8.2e-05,8.4e-05,13627.0,11277191.0,2018-12-15 09:01:20 UTC,2018-12-15 09:01:20 UTC
178134,1525100400,NYC,newyorkcoin,8.6e-05,8.6e-05,8.2e-05,8.5e-05,7901.0,11390133.0,2018-12-15 09:01:20 UTC,2018-12-15 09:01:20 UTC
178135,1525014000,NYC,newyorkcoin,9.3e-05,9.4e-05,8.3e-05,8.6e-05,12496.0,11504336.0,2018-12-15 09:01:20 UTC,2018-12-15 09:01:20 UTC
178136,1524927600,NYC,newyorkcoin,9.2e-05,9.5e-05,8.4e-05,9.1e-05,13797.0,12248132.0,2018-12-15 09:01:20 UTC,2018-12-15 09:01:20 UTC
178137,1524841200,NYC,newyorkcoin,8.7e-05,0.000115,8.7e-05,9.3e-05,565.0,12428167.0,2018-12-15 09:01:20 UTC,2018-12-15 09:01:20 UTC
178138,1524754800,NYC,newyorkcoin,8.9e-05,9.9e-05,8.7e-05,8.7e-05,20414.0,11696875.0,2018-12-15 09:01:20 UTC,2018-12-15 09:01:20 UTC
178139,1524668400,NYC,newyorkcoin,8.4e-05,0.000151,8.3e-05,8.8e-05,20072.0,11849328.0,2018-12-15 09:01:20 UTC,2018-12-15 09:01:20 UTC
178140,1524582000,NYC,newyorkcoin,9.1e-05,9.3e-05,8.3e-05,8.4e-05,33916.0,11218126.0,2018-12-15 09:01:20 UTC,2018-12-15 09:01:20 UTC
178141,1524495600,NYC,newyorkcoin,8.6e-05,9.3e-05,8.6e-05,9.1e-05,38657.0,12186199.0,2018-12-15 09:01:20 UTC,2018-12-15 09:01:20 UTC
178142,1524409200,NYC,newyorkcoin,8.7e-05,9.4e-05,7.1e-05,8.6e-05,32916.0,11521504.0,2018-12-15 09:01:20 UTC,2018-12-15 09:01:20 UTC
178143,1524322800,NYC,newyorkcoin,8.9e-05,9.2e-05,8.3e-05,8.7e-05,10166.0,11722903.0,2018-12-15 09:01:20 UTC,2018-12-15 09:01:20 UTC
178144,1524236400,NYC,newyorkcoin,0.000124,0.000125,8.5e-05,8.9e-05,10922.0,11961628.0,2018-12-15 09:01:20 UTC,2018-12-15 09:01:20 UTC
178145,1524150000,NYC,newyorkcoin,0.000118,0.000127,8.4e-05,9.2e-05,23950.0,12264898.0,2018-12-15 09:01:20 UTC,2018-12-15 09:01:20 UTC
178146,1524063600,NYC,newyorkcoin,8.2e-05,0.00012,7.7e-05,0.000118,31666.0,15788231.0,2018-12-15 09:01:20 UTC,2018-12-15 09:01:20 UTC
178147,1523977200,NYC,newyorkcoin,8.4e-05,0.000117,7.9e-05,8.2e-05,20292.0,11001636.0,2018-12-15 09:01:20 UTC,2018-12-15 09:01:20 UTC
178148,1523890800,NYC,newyorkcoin,8.2e-05,0.000107,8.0e-05,8.2e-05,10883.0,10998540.0,2018-12-15 09:01:20 UTC,2018-12-15 09:01:20 UTC
178149,1523804400,NYC,newyorkcoin,8.5e-05,9.6e-05,7.8e-05,8.2e-05,13171.0,11046856.0,2018-12-15 09:01:20 UTC,2018-12-15 09:01:20 UTC
178150,1523718000,NYC,newyorkcoin,8.0e-05,0.00012,7.9e-05,8.5e-05,25073.0,11452334.0,2018-12-15 09:01:20 UTC,2018-12-15 09:01:20 UTC
178151,1523631600,NYC,newyorkcoin,8.0e-05,0.000117,7.8e-05,8.0e-05,26749.0,10674683.0,2018-12-15 09:01:20 UTC,2018-12-15 09:01:20 UTC
178152,1523545200,NYC,newyorkcoin,7.9e-05,0.000127,7.7e-05,8.0e-05,18228.0,10679991.0,2018-12-15 09:01:20 UTC,2018-12-15 09:01:20 UTC
178153,1523458800,NYC,newyorkcoin,7.1e-05,0.000125,6.9e-05,7.9e-05,25101.0,10600139.0,2018-12-15 09:01:20 UTC,2018-12-15 09:01:20 UTC
178154,1523372400,NYC,newyorkcoin,7.1e-05,9.8e-05,6.9e-05,7.1e-05,13749.0,9549882.0,2018-12-15 09:01:20 UTC,2018-12-15 09:01:20 UTC
178155,1523286000,NYC,newyorkcoin,6.9e-05,9.9e-05,6.6e-05,7.0e-05,11518.0,9448626.0,2018-12-15 09:01:20 UTC,2018-12-15 09:01:20 UTC
178156,1523199600,NYC,newyorkcoin,6.6e-05,7.2e-05,6.5e-05,6.9e-05,17736.0,9273027.0,2018-12-15 09:01:20 UTC,2018-12-15 09:01:20 UTC
178157,1523113200,NYC,newyorkcoin,7.0e-05,0.000103,6.6e-05,6.6e-05,19184.0,8859401.0,2018-12-15 09:01:20 UTC,2018-12-15 09:01:20 UTC
178158,1523026800,NYC,newyorkcoin,6.7e-05,0.000105,6.7e-05,7.0e-05,10402.0,9354983.0,2018-12-15 09:01:20 UTC,2018-12-15 09:01:20 UTC
178159,1522940400,NYC,newyorkcoin,6.8e-05,0.000108,6.5e-05,6.7e-05,16644.0,8930675.0,2018-12-15 09:01:20 UTC,2018-12-15 09:01:20 UTC
178160,1522854000,NYC,newyorkcoin,6.9e-05,7.5e-05,6.7e-05,6.9e-05,27045.0,9202638.0,2018-12-15 09:01:20 UTC,2018-12-15 09:01:20 UTC
178161,1522767600,NYC,newyorkcoin,7.3e-05,7.4e-05,6.9e-05,6.9e-05,12902.0,9311787.0,2018-12-15 09:01:20 UTC,2018-12-15 09:01:20 UTC
178162,1522681200,NYC,newyorkcoin,7.1e-05,9.2e-05,6.9e-05,7.2e-05,21326.0,9708152.0,2018-12-15 09:01:20 UTC,2018-12-15 09:01:20 UTC
178163,1522594800,NYC,newyorkcoin,6.8e-05,0.000118,6.8e-05,7.1e-05,23196.0,9448814.0,2018-12-15 09:01:20 UTC,2018-12-15 09:01:20 UTC
178164,1522508400,NYC,newyorkcoin,7.1e-05,0.000116,6.6e-05,6.8e-05,30719.0,9090861.0,2018-12-15 09:01:20 UTC,2018-12-15 09:01:20 UTC
178165,1522422000,NYC,newyorkcoin,7.3e-05,0.000117,7.1e-05,7.1e-05,18102.0,9496956.0,2018-12-15 09:01:20 UTC,2018-12-15 09:01:20 UTC
178166,1522335600,NYC,newyorkcoin,7.3e-05,9.9e-05,6.9e-05,7.3e-05,35277.0,9728671.0,2018-12-15 09:01:20 UTC,2018-12-15 09:01:20 UTC
178167,1522249200,NYC,newyorkcoin,0.000118,0.000119,7.2e-05,7.3e-05,25715.0,9784626.0,2018-12-15 09:01:20 UTC,2018-12-15 09:01:20 UTC
178168,1522162800,NYC,newyorkcoin,7.5e-05,0.000121,7.2e-05,0.000117,72274.0,15727785.0,2018-12-15 09:01:20 UTC,2018-12-15 09:01:20 UTC
178169,1522076400,NYC,newyorkcoin,8.4e-05,8.4e-05,7.4e-05,7.6e-05,14574.0,10122824.0,2018-12-15 09:01:20 UTC,2018-12-15 09:01:20 UTC
178170,1521990000,NYC,newyorkcoin,8.5e-05,8.6e-05,7.9e-05,8.4e-05,24028.0,11250198.0,2018-12-15 09:01:20 UTC,2018-12-15 09:01:20 UTC
178171,1521903600,NYC,newyorkcoin,8.7e-05,0.000146,8.5e-05,8.5e-05,37095.0,11430180.0,2018-12-15 09:01:20 UTC,2018-12-15 09:01:20 UTC
178172,1521817200,NYC,newyorkcoin,9.0e-05,0.000149,8.7e-05,8.8e-05,39464.0,11776111.0,2018-12-15 09:01:20 UTC,2018-12-15 09:01:20 UTC
178173,1521730800,NYC,newyorkcoin,8.8e-05,0.000139,8.5e-05,8.9e-05,23067.0,11993257.0,2018-12-15 09:01:20 UTC,2018-12-15 09:01:20 UTC
178174,1521644400,NYC,newyorkcoin,9.4e-05,0.000128,8.7e-05,8.8e-05,17976.0,11787114.0,2018-12-15 09:01:20 UTC,2018-12-15 09:01:20 UTC
178175,1521558000,NYC,newyorkcoin,9.5e-05,0.000131,9.3e-05,9.4e-05,11734.0,12634645.0,2018-12-15 09:01:20 UTC,2018-12-15 09:01:20 UTC
178176,1521471600,NYC,newyorkcoin,0.00011,0.000117,9.1e-05,9.5e-05,14125.0,12764274.0,2018-12-15 09:01:20 UTC,2018-12-15 09:01:20 UTC
178177,1521385200,NYC,newyorkcoin,0.000113,0.000117,8.5e-05,0.00011,13397.0,14722869.0,2018-12-15 09:01:20 UTC,2018-12-15 09:01:20 UTC
178178,1521298800,NYC,newyorkcoin,8.7e-05,0.000118,8.1e-05,0.000113,14003.0,15162738.0,2018-12-15 09:01:20 UTC,2018-12-15 09:01:20 UTC
178179,1521212400,NYC,newyorkcoin,0.000114,0.000116,9.1e-05,9.1e-05,11864.0,12228752.0,2018-12-15 09:01:20 UTC,2018-12-15 09:01:20 UTC
178180,1521126000,NYC,newyorkcoin,0.000104,0.000122,9.9e-05,0.000114,10568.0,15225997.0,2018-12-15 09:01:20 UTC,2018-12-15 09:01:20 UTC
178181,1521039600,NYC,newyorkcoin,0.000103,0.000127,9.4e-05,0.000104,13055.0,13931856.0,2018-12-15 09:01:20 UTC,2018-12-15 09:01:20 UTC
178182,1520953200,NYC,newyorkcoin,0.000114,0.000137,9.5e-05,0.000125,9665.0,16507849.0,2018-12-15 09:01:20 UTC,2018-12-15 09:01:20 UTC
178183,1520866800,NYC,newyorkcoin,0.000156,0.000164,9.9e-05,0.000114,29815.0,15005562.0,2018-12-15 09:01:20 UTC,2018-12-15 09:01:20 UTC
178184,1520780400,NYC,newyorkcoin,0.000149,0.000169,9.7e-05,0.000158,17629.0,20868119.0,2018-12-15 09:01:20 UTC,2018-12-15 09:01:20 UTC
178185,1520694000,NYC,newyorkcoin,0.000146,0.000153,0.000104,0.00015,15645.0,19804819.0,2018-12-15 09:01:20 UTC,2018-12-15 09:01:20 UTC
178186,1520607600,NYC,newyorkcoin,9.8e-05,0.000176,9.7e-05,0.000147,23262.0,19424389.0,2018-12-15 09:01:20 UTC,2018-12-15 09:01:20 UTC
178187,1520521200,NYC,newyorkcoin,0.000175,0.000177,9.2e-05,9.9e-05,34711.0,13025344.0,2018-12-15 09:01:20 UTC,2018-12-15 09:01:20 UTC
178188,1520434800,NYC,newyorkcoin,0.000106,0.000189,9.8e-05,0.000176,39143.0,23243095.0,2018-12-15 09:01:20 UTC,2018-12-15 09:01:20 UTC
178189,1520348400,NYC,newyorkcoin,0.000133,0.000186,0.000105,0.000107,39776.0,14113838.0,2018-12-15 09:01:20 UTC,2018-12-15 09:01:20 UTC
178190,1520262000,NYC,newyorkcoin,0.000198,0.000199,0.000121,0.000133,17010.0,17619794.0,2018-12-15 09:01:20 UTC,2018-12-15 09:01:20 UTC
178191,1520175600,NYC,newyorkcoin,0.000176,0.000205,0.000127,0.000129,25066.0,17106914.0,2018-12-15 09:01:20 UTC,2018-12-15 09:01:20 UTC
178192,1520089200,NYC,newyorkcoin,0.000207,0.000207,0.000123,0.000176,22437.0,23248779.0,2018-12-15 09:01:20 UTC,2018-12-15 09:01:20 UTC
178193,1520002800,NYC,newyorkcoin,0.000148,0.000208,0.000123,0.000207,61976.0,27345603.0,2018-12-15 09:01:20 UTC,2018-12-15 09:01:20 UTC
178194,1519916400,NYC,newyorkcoin,0.00019,0.000193,0.000147,0.000149,31136.0,19743485.0,2018-12-15 09:01:20 UTC,2018-12-15 09:01:20 UTC
178195,1519830000,NYC,newyorkcoin,0.000165,0.000191,0.000132,0.00019,29661.0,25111008.0,2018-12-15 09:01:20 UTC,2018-12-15 09:01:20 UTC
178196,1519743600,NYC,newyorkcoin,0.000134,0.00018,0.000129,0.000164,18782.0,21723095.0,2018-12-15 09:01:20 UTC,2018-12-15 09:01:20 UTC
178197,1519657200,NYC,newyorkcoin,0.000171,0.000177,0.000134,0.000168,18710.0,22163537.0,2018-12-15 09:01:21 UTC,2018-12-15 09:01:21 UTC
178198,1519570800,NYC,newyorkcoin,0.000136,0.000173,0.000129,0.000143,19677.0,18896969.0,2018-12-15 09:01:21 UTC,2018-12-15 09:01:21 UTC
178199,1519484400,NYC,newyorkcoin,0.000132,0.000188,0.000129,0.000135,32564.0,17791238.0,2018-12-15 09:01:21 UTC,2018-12-15 09:01:21 UTC
178200,1519398000,NYC,newyorkcoin,0.000159,0.000166,0.00012,0.000132,26354.0,17404992.0,2018-12-15 09:01:21 UTC,2018-12-15 09:01:21 UTC
178201,1519311600,NYC,newyorkcoin,0.000154,0.000159,0.000112,0.000159,19256.0,21051989.0,2018-12-15 09:01:21 UTC,2018-12-15 09:01:21 UTC
178202,1519225200,NYC,newyorkcoin,0.000155,0.000173,0.000113,0.000152,16673.0,20108449.0,2018-12-15 09:01:21 UTC,2018-12-15 09:01:21 UTC
178203,1519138800,NYC,newyorkcoin,0.000166,0.000169,0.00012,0.000156,23776.0,20624105.0,2018-12-15 09:01:21 UTC,2018-12-15 09:01:21 UTC
178204,1519052400,NYC,newyorkcoin,0.000142,0.000173,0.000122,0.000166,26854.0,21916350.0,2018-12-15 09:01:21 UTC,2018-12-15 09:01:21 UTC
178205,1518966000,NYC,newyorkcoin,0.00016,0.000174,0.000118,0.000142,18458.0,18720634.0,2018-12-15 09:01:21 UTC,2018-12-15 09:01:21 UTC
178206,1518879600,NYC,newyorkcoin,0.000185,0.000188,0.000119,0.00016,15052.0,21154036.0,2018-12-15 09:01:21 UTC,2018-12-15 09:01:21 UTC
178207,1518793200,NYC,newyorkcoin,0.000137,0.000185,0.000126,0.000185,18658.0,24398925.0,2018-12-15 09:01:21 UTC,2018-12-15 09:01:21 UTC
178208,1518706800,NYC,newyorkcoin,0.000161,0.000175,0.000125,0.000136,17693.0,17971671.0,2018-12-15 09:01:21 UTC,2018-12-15 09:01:21 UTC
178209,1518620400,NYC,newyorkcoin,0.000136,0.000172,0.000128,0.000161,35152.0,21285296.0,2018-12-15 09:01:21 UTC,2018-12-15 09:01:21 UTC
178210,1518534000,NYC,newyorkcoin,0.000151,0.000166,0.000132,0.000132,33652.0,17498447.0,2018-12-15 09:01:21 UTC,2018-12-15 09:01:21 UTC
178211,1518447600,NYC,newyorkcoin,0.000157,0.000159,0.000123,0.000151,23024.0,20004023.0,2018-12-15 09:01:21 UTC,2018-12-15 09:01:21 UTC
178212,1518361200,NYC,newyorkcoin,0.000147,0.000159,0.000117,0.000155,23255.0,20514259.0,2018-12-15 09:01:21 UTC,2018-12-15 09:01:21 UTC
178213,1518274800,NYC,newyorkcoin,0.000137,0.000157,0.000114,0.000147,26323.0,19402843.0,2018-12-15 09:01:21 UTC,2018-12-15 09:01:21 UTC
178214,1518188400,NYC,newyorkcoin,0.000154,0.000175,0.00013,0.000136,32778.0,18037764.0,2018-12-15 09:01:21 UTC,2018-12-15 09:01:21 UTC
178215,1518102000,NYC,newyorkcoin,0.000138,0.000157,0.000102,0.000154,35106.0,20374142.0,2018-12-15 09:01:21 UTC,2018-12-15 09:01:21 UTC
178216,1518015600,NYC,newyorkcoin,9.6e-05,0.000144,9.0e-05,0.000135,24726.0,17820319.0,2018-12-15 09:01:21 UTC,2018-12-15 09:01:21 UTC
178217,1517929200,NYC,newyorkcoin,0.000101,0.000129,7.9e-05,9.7e-05,1058.0,12806181.0,2018-12-15 09:01:21 UTC,2018-12-15 09:01:21 UTC
178218,1517842800,NYC,newyorkcoin,0.000101,0.000114,8.5e-05,0.000101,1109.0,13387347.0,2018-12-15 09:01:21 UTC,2018-12-15 09:01:21 UTC
178219,1517756400,NYC,newyorkcoin,0.000128,0.000135,0.000101,0.000101,31578.0,13358663.0,2018-12-15 09:01:21 UTC,2018-12-15 09:01:21 UTC
178220,1517670000,NYC,newyorkcoin,0.00016,0.000163,0.000102,0.000129,46801.0,17007775.0,2018-12-15 09:01:21 UTC,2018-12-15 09:01:21 UTC
178221,1517583600,NYC,newyorkcoin,0.000111,0.000177,0.00011,0.000157,52867.0,20697071.0,2018-12-15 09:01:21 UTC,2018-12-15 09:01:21 UTC
178222,1517497200,NYC,newyorkcoin,0.000181,0.000181,0.00011,0.000111,38929.0,14650908.0,2018-12-15 09:01:21 UTC,2018-12-15 09:01:21 UTC
178223,1517410800,NYC,newyorkcoin,0.000198,0.000205,0.000143,0.000181,75894.0,23893977.0,2018-12-15 09:01:21 UTC,2018-12-15 09:01:21 UTC
178224,1517324400,NYC,newyorkcoin,0.000207,0.000208,0.000147,0.000147,46031.0,19484005.0,2018-12-15 09:01:21 UTC,2018-12-15 09:01:21 UTC
178225,1517238000,NYC,newyorkcoin,0.000214,0.00022,0.000162,0.000206,47919.0,27288499.0,2018-12-15 09:01:21 UTC,2018-12-15 09:01:21 UTC
178226,1517151600,NYC,newyorkcoin,0.000211,0.000222,0.000166,0.000214,58059.0,28257286.0,2018-12-15 09:01:21 UTC,2018-12-15 09:01:21 UTC
178227,1517065200,NYC,newyorkcoin,0.000165,0.000244,0.000163,0.000202,89832.0,26664980.0,2018-12-15 09:01:21 UTC,2018-12-15 09:01:21 UTC
178228,1516978800,NYC,newyorkcoin,0.000204,0.000211,0.000162,0.000205,59960.0,27155653.0,2018-12-15 09:01:21 UTC,2018-12-15 09:01:21 UTC
178229,1516892400,NYC,newyorkcoin,0.00021,0.000218,0.000168,0.000195,55278.0,25817143.0,2018-12-15 09:01:21 UTC,2018-12-15 09:01:21 UTC
178230,1516806000,NYC,newyorkcoin,0.000181,0.00022,0.000157,0.000216,52710.0,28539767.0,2018-12-15 09:01:21 UTC,2018-12-15 09:01:21 UTC
178231,1516719600,NYC,newyorkcoin,0.000187,0.000228,0.000173,0.000181,61964.0,23954650.0,2018-12-15 09:01:21 UTC,2018-12-15 09:01:21 UTC
178232,1516633200,NYC,newyorkcoin,0.000234,0.000234,0.000174,0.000228,63624.0,30118326.0,2018-12-15 09:01:21 UTC,2018-12-15 09:01:21 UTC
178233,1516546800,NYC,newyorkcoin,0.00028,0.000282,0.000278,0.000281,106970.0,37125874.0,2018-12-15 09:01:21 UTC,2018-12-15 09:01:21 UTC
178234,1516460400,NYC,newyorkcoin,0.00031,0.000358,0.000277,0.000279,105788.0,36853704.0,2018-12-15 09:01:21 UTC,2018-12-15 09:01:21 UTC
178235,1516374000,NYC,newyorkcoin,0.000356,0.000367,0.000304,0.00031,112375.0,40994942.0,2018-12-15 09:01:21 UTC,2018-12-15 09:01:21 UTC
178236,1516287600,NYC,newyorkcoin,0.000345,0.000355,0.000291,0.000355,179654.0,46895833.0,2018-12-15 09:01:21 UTC,2018-12-15 09:01:21 UTC
178237,1516201200,NYC,newyorkcoin,0.000319,0.00037,0.00026,0.000344,158133.0,45449592.0,2018-12-15 09:01:21 UTC,2018-12-15 09:01:21 UTC
178238,1516114800,NYC,newyorkcoin,0.000273,0.000346,0.00024,0.00026,194798.0,34303450.0,2018-12-15 09:01:21 UTC,2018-12-15 09:01:21 UTC
178239,1516028400,NYC,newyorkcoin,0.000422,0.000422,0.000239,0.000318,229725.0,42026782.0,2018-12-15 09:01:21 UTC,2018-12-15 09:01:21 UTC
178240,1515942000,NYC,newyorkcoin,0.0004,0.00044,0.000315,0.000349,469801.0,46067031.0,2018-12-15 09:01:21 UTC,2018-12-15 09:01:21 UTC
178241,1515855600,NYC,newyorkcoin,0.000292,0.000401,0.000186,0.000401,348302.0,53040342.0,2018-12-15 09:01:21 UTC,2018-12-15 09:01:21 UTC
178242,1515769200,NYC,newyorkcoin,0.000393,0.000417,0.000177,0.000292,322918.0,38556913.0,2018-12-15 09:01:21 UTC,2018-12-15 09:01:21 UTC
178243,1515682800,NYC,newyorkcoin,0.000314,0.000429,0.000288,0.000393,475706.0,51974267.0,2018-12-15 09:01:21 UTC,2018-12-15 09:01:21 UTC
178244,1515596400,NYC,newyorkcoin,0.000483,0.000582,0.000308,0.000409,612186.0,54129683.0,2018-12-15 09:01:21 UTC,2018-12-15 09:01:21 UTC
178245,1515510000,NYC,newyorkcoin,0.000363,0.000596,0.000296,0.000583,747832.0,77086200.0,2018-12-15 09:01:21 UTC,2018-12-15 09:01:21 UTC
178246,1515423600,NYC,newyorkcoin,0.000622,0.000749,0.000355,0.000459,951137.0,59201918.0,2018-12-15 09:01:21 UTC,2018-12-15 09:01:21 UTC
178247,1515337200,NYC,newyorkcoin,0.00086,0.001123,0.000498,0.000616,2028190.0,79486774.0,2018-12-15 09:01:21 UTC,2018-12-15 09:01:21 UTC
178248,1515250800,NYC,newyorkcoin,0.000481,0.001162,0.000352,0.000971,4300490.0,125243605.0,2018-12-15 09:01:21 UTC,2018-12-15 09:01:21 UTC
178249,1515164400,NYC,newyorkcoin,0.000159,0.000508,0.000153,0.000483,1217110.0,62275737.0,2018-12-15 09:01:21 UTC,2018-12-15 09:01:21 UTC
178250,1515078000,NYC,newyorkcoin,0.000136,0.00016,0.000127,0.000159,108098.0,20528728.0,2018-12-15 09:01:21 UTC,2018-12-15 09:01:21 UTC
178251,1514991600,NYC,newyorkcoin,0.000136,0.000142,0.000126,0.000136,41487.0,17577233.0,2018-12-15 09:01:21 UTC,2018-12-15 09:01:21 UTC
178252,1514905200,NYC,newyorkcoin,0.000134,0.000143,0.000128,0.000129,67004.0,16590390.0,2018-12-15 09:01:21 UTC,2018-12-15 09:01:21 UTC
178253,1514818800,NYC,newyorkcoin,0.000114,0.000134,0.000111,0.000134,45727.0,17272328.0,2018-12-15 09:01:21 UTC,2018-12-15 09:01:21 UTC
178254,1514732400,NYC,newyorkcoin,0.000125,0.000125,0.000111,0.000114,27064.0,14708705.0,2018-12-15 09:01:21 UTC,2018-12-15 09:01:21 UTC
178255,1514646000,NYC,newyorkcoin,8.5e-05,0.000128,8.1e-05,0.000125,42926.0,16092840.0,2018-12-15 09:01:21 UTC,2018-12-15 09:01:21 UTC
178256,1514559600,NYC,newyorkcoin,9.3e-05,9.6e-05,6.8e-05,8.5e-05,19580.0,10942496.0,2018-12-15 09:01:21 UTC,2018-12-15 09:01:21 UTC
178257,1514473200,NYC,newyorkcoin,0.000145,0.000151,8.8e-05,9.9e-05,26611.0,12719677.0,2018-12-15 09:01:21 UTC,2018-12-15 09:01:21 UTC
178258,1514386800,NYC,newyorkcoin,0.000155,0.000156,0.000136,0.000143,36227.0,18476591.0,2018-12-15 09:01:21 UTC,2018-12-15 09:01:21 UTC
178259,1514300400,NYC,newyorkcoin,0.000158,0.000166,0.000147,0.000155,25776.0,20062662.0,2018-12-15 09:01:21 UTC,2018-12-15 09:01:21 UTC
178260,1514214000,NYC,newyorkcoin,0.000139,0.000161,0.000139,0.000158,71389.0,20420083.0,2018-12-15 09:01:21 UTC,2018-12-15 09:01:21 UTC
178261,1514127600,NYC,newyorkcoin,0.000141,0.000145,0.000133,0.000139,21373.0,17992202.0,2018-12-15 09:01:21 UTC,2018-12-15 09:01:21 UTC
178262,1514041200,NYC,newyorkcoin,6.1e-05,0.000139,4.1e-05,0.000139,6671.0,17989879.0,2018-12-15 09:01:21 UTC,2018-12-15 09:01:21 UTC
178263,1513954800,NYC,newyorkcoin,6.8e-05,7.9e-05,6.1e-05,6.1e-05,23922.0,7823438.0,2018-12-15 09:01:21 UTC,2018-12-15 09:01:21 UTC
178264,1513868400,NYC,newyorkcoin,3.9e-05,7.3e-05,2.5e-05,6.7e-05,15067.0,8671029.0,2018-12-15 09:01:21 UTC,2018-12-15 09:01:21 UTC
178265,1513782000,NYC,newyorkcoin,3.8e-05,4.3e-05,3.1e-05,3.9e-05,18576.0,4996717.0,2018-12-15 09:01:21 UTC,2018-12-15 09:01:21 UTC
178266,1513695600,NYC,newyorkcoin,5.3e-05,5.4e-05,3.0e-05,3.8e-05,17489.0,4928046.0,2018-12-15 09:01:21 UTC,2018-12-15 09:01:21 UTC
178267,1513609200,NYC,newyorkcoin,4.8e-05,5.4e-05,3.5e-05,5.3e-05,12163.0,6836260.0,2018-12-15 09:01:21 UTC,2018-12-15 09:01:21 UTC
178268,1513522800,NYC,newyorkcoin,5.5e-05,6.1e-05,4.3e-05,4.8e-05,33210.0,6201586.0,2018-12-15 09:01:21 UTC,2018-12-15 09:01:21 UTC
178269,1513436400,NYC,newyorkcoin,8.6e-05,8.6e-05,5.3e-05,5.4e-05,23699.0,6993732.0,2018-12-15 09:01:21 UTC,2018-12-15 09:01:21 UTC
178270,1513350000,NYC,newyorkcoin,7.3e-05,9.0e-05,6.1e-05,8.6e-05,36761.0,11047813.0,2018-12-15 09:01:21 UTC,2018-12-15 09:01:21 UTC
178271,1513263600,NYC,newyorkcoin,7.3e-05,9.6e-05,6.4e-05,7.3e-05,32033.0,9456890.0,2018-12-15 09:01:21 UTC,2018-12-15 09:01:21 UTC
178272,1513177200,NYC,newyorkcoin,3.1e-05,7.5e-05,3.0e-05,7.2e-05,9630.0,9343393.0,2018-12-15 09:01:21 UTC,2018-12-15 09:01:21 UTC
178273,1513090800,NYC,newyorkcoin,4.3e-05,4.9e-05,3.0e-05,3.2e-05,16186.0,4108701.0,2018-12-15 09:01:21 UTC,2018-12-15 09:01:21 UTC
178274,1513004400,NYC,newyorkcoin,8.6e-05,8.6e-05,4.3e-05,4.3e-05,16750.0,5502745.0,2018-12-15 09:01:21 UTC,2018-12-15 09:01:21 UTC
178275,1512918000,NYC,newyorkcoin,4.0e-05,9.3e-05,3.9e-05,8.6e-05,7456.0,11084148.0,2018-12-15 09:01:21 UTC,2018-12-15 09:01:21 UTC
178276,1512831600,NYC,newyorkcoin,3.2e-05,4.2e-05,2.5e-05,4.1e-05,4805.0,5253337.0,2018-12-15 09:01:21 UTC,2018-12-15 09:01:21 UTC
178277,1512745200,NYC,newyorkcoin,8.9e-05,9.2e-05,3.2e-05,3.2e-05,23025.0,4089926.0,2018-12-15 09:01:21 UTC,2018-12-15 09:01:21 UTC
178278,1512658800,NYC,newyorkcoin,5.9e-05,9.6e-05,5.3e-05,8.9e-05,27162.0,11511543.0,2018-12-15 09:01:21 UTC,2018-12-15 09:01:21 UTC
178279,1512572400,NYC,newyorkcoin,6.5e-05,7.2e-05,5.9e-05,7.2e-05,13663.0,9236992.0,2018-12-15 09:01:21 UTC,2018-12-15 09:01:21 UTC
178280,1512486000,NYC,newyorkcoin,4.6e-05,7.2e-05,4.4e-05,7.2e-05,6218.0,9352954.0,2018-12-15 09:01:21 UTC,2018-12-15 09:01:21 UTC
178281,1512399600,NYC,newyorkcoin,3.0e-05,4.7e-05,2.6e-05,4.6e-05,2791.0,5884914.0,2018-12-15 09:01:21 UTC,2018-12-15 09:01:21 UTC
178282,1512313200,NYC,newyorkcoin,4.5e-05,5.6e-05,2.6e-05,3.0e-05,4288.0,3875242.0,2018-12-15 09:01:21 UTC,2018-12-15 09:01:21 UTC
178283,1512226800,NYC,newyorkcoin,3.5e-05,5.1e-05,2.7e-05,4.5e-05,3205.0,5834953.0,2018-12-15 09:01:21 UTC,2018-12-15 09:01:21 UTC
178284,1512140400,NYC,newyorkcoin,1.2e-05,3.7e-05,9.0e-06,3.5e-05,2613.0,4489863.0,2018-12-15 09:01:21 UTC,2018-12-15 09:01:21 UTC
178285,1512054000,NYC,newyorkcoin,1.7e-05,2.2e-05,1.0e-05,1.2e-05,8833.0,1555839.0,2018-12-15 09:01:21 UTC,2018-12-15 09:01:21 UTC
178286,1511967600,NYC,newyorkcoin,2.3e-05,2.4e-05,1.3e-05,1.7e-05,5472.0,2175854.0,2018-12-15 09:01:21 UTC,2018-12-15 09:01:21 UTC
178287,1511881200,NYC,newyorkcoin,1.7e-05,2.3e-05,1.1e-05,2.3e-05,2491.0,2929457.0,2018-12-15 09:01:21 UTC,2018-12-15 09:01:21 UTC
178288,1511794800,NYC,newyorkcoin,1.9e-05,2.6e-05,9.0e-06,1.7e-05,6561.0,2156267.0,2018-12-15 09:01:21 UTC,2018-12-15 09:01:21 UTC
178289,1511708400,NYC,newyorkcoin,1.5e-05,1.9e-05,1.3e-05,1.9e-05,2874.0,2500204.0,2018-12-15 09:01:21 UTC,2018-12-15 09:01:21 UTC
178290,1511622000,NYC,newyorkcoin,2.6e-05,4.5e-05,1.4e-05,1.5e-05,4254.0,1944292.0,2018-12-15 09:01:21 UTC,2018-12-15 09:01:21 UTC
178291,1511535600,NYC,newyorkcoin,2.3e-05,2.8e-05,1.5e-05,2.6e-05,1422.0,3335691.0,2018-12-15 09:01:21 UTC,2018-12-15 09:01:21 UTC
178292,1511449200,NYC,newyorkcoin,2.5e-05,3.7e-05,2.3e-05,2.3e-05,1999.0,3000219.0,2018-12-15 09:01:21 UTC,2018-12-15 09:01:21 UTC
178293,1511362800,NYC,newyorkcoin,3.0e-05,3.1e-05,2.0e-05,2.5e-05,2772.0,3233794.0,2018-12-15 09:01:21 UTC,2018-12-15 09:01:21 UTC
178294,1511276400,NYC,newyorkcoin,4.9e-05,5.0e-05,3.0e-05,3.0e-05,6831.0,3919926.0,2018-12-15 09:01:21 UTC,2018-12-15 09:01:21 UTC
178295,1511190000,NYC,newyorkcoin,4.7e-05,5.2e-05,4.4e-05,4.9e-05,3414.0,6345587.0,2018-12-15 09:01:21 UTC,2018-12-15 09:01:21 UTC
178296,1511103600,NYC,newyorkcoin,1.5e-05,4.8e-05,1.3e-05,4.6e-05,3808.0,5888308.0,2018-12-15 09:01:21 UTC,2018-12-15 09:01:21 UTC
178297,1511017200,NYC,newyorkcoin,3.7e-05,3.8e-05,1.5e-05,1.5e-05,3577.0,1946524.0,2018-12-15 09:01:21 UTC,2018-12-15 09:01:21 UTC
178298,1510930800,NYC,newyorkcoin,1.2e-05,3.7e-05,1.1e-05,3.7e-05,3162.0,4768084.0,2018-12-15 09:01:21 UTC,2018-12-15 09:01:21 UTC
178299,1510844400,NYC,newyorkcoin,2.7e-05,2.7e-05,1.2e-05,1.2e-05,5111.0,1530458.0,2018-12-15 09:01:21 UTC,2018-12-15 09:01:21 UTC
178300,1510758000,NYC,newyorkcoin,3.6e-05,3.6e-05,2.5e-05,2.7e-05,3554.0,3457769.0,2018-12-15 09:01:21 UTC,2018-12-15 09:01:21 UTC
178301,1510671600,NYC,newyorkcoin,2.0e-05,4.0e-05,2.0e-05,3.6e-05,3740.0,4581502.0,2018-12-15 09:01:21 UTC,2018-12-15 09:01:21 UTC
178302,1510585200,NYC,newyorkcoin,2.3e-05,2.9e-05,1.9e-05,1.9e-05,2383.0,2514784.0,2018-12-15 09:01:21 UTC,2018-12-15 09:01:21 UTC
178303,1510498800,NYC,newyorkcoin,1.0e-05,2.3e-05,1.0e-05,2.3e-05,3564.0,2948593.0,2018-12-15 09:01:21 UTC,2018-12-15 09:01:21 UTC
178304,1510412400,NYC,newyorkcoin,1.5e-05,1.6e-05,1.0e-05,1.0e-05,6266.0,1260044.0,2018-12-15 09:01:21 UTC,2018-12-15 09:01:21 UTC
178305,1510326000,NYC,newyorkcoin,4.2e-05,5.3e-05,1.2e-05,1.5e-05,4507.0,1952305.0,2018-12-15 09:01:21 UTC,2018-12-15 09:01:21 UTC
178306,1510239600,NYC,newyorkcoin,1.2e-05,4.4e-05,1.2e-05,4.2e-05,6918.0,5384486.0,2018-12-15 09:01:21 UTC,2018-12-15 09:01:21 UTC
178307,1510153200,NYC,newyorkcoin,1.5e-05,1.5e-05,9.0e-06,1.2e-05,14407.0,1557387.0,2018-12-15 09:01:21 UTC,2018-12-15 09:01:21 UTC
178308,1510066800,NYC,newyorkcoin,1.5e-05,1.7e-05,1.0e-05,1.4e-05,7271.0,1813336.0,2018-12-15 09:01:21 UTC,2018-12-15 09:01:21 UTC
178309,1509980400,NYC,newyorkcoin,2.4e-05,2.8e-05,1.5e-05,1.5e-05,3232.0,1968137.0,2018-12-15 09:01:21 UTC,2018-12-15 09:01:21 UTC
178310,1509894000,NYC,newyorkcoin,4.0e-05,5.0e-05,1.3e-05,2.4e-05,4045.0,3158852.0,2018-12-15 09:01:21 UTC,2018-12-15 09:01:21 UTC
178311,1509807600,NYC,newyorkcoin,4.1e-05,4.1e-05,2.1e-05,3.7e-05,2447.0,4760381.0,2018-12-15 09:01:21 UTC,2018-12-15 09:01:21 UTC
178312,1509721200,NYC,newyorkcoin,1.8e-05,4.5e-05,1.7e-05,4.1e-05,2402.0,5295712.0,2018-12-15 09:01:21 UTC,2018-12-15 09:01:21 UTC
178313,1509634800,NYC,newyorkcoin,8.0e-06,2.0e-05,8.0e-06,1.7e-05,2346.0,2213261.0,2018-12-15 09:01:21 UTC,2018-12-15 09:01:21 UTC
178314,1509548400,NYC,newyorkcoin,3.3e-05,3.5e-05,8.0e-06,8.0e-06,1461.0,1090482.0,2018-12-15 09:01:21 UTC,2018-12-15 09:01:21 UTC
178315,1509462000,NYC,newyorkcoin,3.0e-05,3.5e-05,1.9e-05,3.4e-05,1352.0,4383798.0,2018-12-15 09:01:21 UTC,2018-12-15 09:01:21 UTC
178316,1509375600,NYC,newyorkcoin,3.5e-05,3.8e-05,2.8e-05,3.0e-05,2521.0,3897048.0,2018-12-15 09:01:21 UTC,2018-12-15 09:01:21 UTC
178317,1509289200,NYC,newyorkcoin,1.9e-05,3.5e-05,8.0e-06,3.5e-05,1368.0,4545683.0,2018-12-15 09:01:21 UTC,2018-12-15 09:01:21 UTC
178318,1509202800,NYC,newyorkcoin,7.0e-06,1.8e-05,7.0e-06,1.8e-05,2375.0,2362797.0,2018-12-15 09:01:21 UTC,2018-12-15 09:01:21 UTC
178319,1509116400,NYC,newyorkcoin,1.6e-05,3.9e-05,1.6e-05,2.9e-05,3326.0,3697976.0,2018-12-15 09:01:21 UTC,2018-12-15 09:01:21 UTC
178320,1509030000,NYC,newyorkcoin,1.7e-05,1.8e-05,1.1e-05,1.6e-05,1805.0,2115234.0,2018-12-15 09:01:21 UTC,2018-12-15 09:01:21 UTC
178321,1508943600,NYC,newyorkcoin,3.3e-05,3.7e-05,1.8e-05,1.9e-05,2448.0,2405945.0,2018-12-15 09:01:21 UTC,2018-12-15 09:01:21 UTC
178322,1508857200,NYC,newyorkcoin,3.2e-05,3.8e-05,2.4e-05,3.0e-05,1296.0,3923900.0,2018-12-15 09:01:21 UTC,2018-12-15 09:01:21 UTC
178323,1508770800,NYC,newyorkcoin,9.0e-06,3.2e-05,9.0e-06,3.2e-05,516.0,4172714.0,2018-12-15 09:01:21 UTC,2018-12-15 09:01:21 UTC
178324,1508684400,NYC,newyorkcoin,9.0e-06,4.7e-05,4.0e-06,9.0e-06,1741.0,1186650.0,2018-12-15 09:01:21 UTC,2018-12-15 09:01:21 UTC
178325,1508598000,NYC,newyorkcoin,2.2e-05,2.3e-05,9.0e-06,9.0e-06,5873.0,1170353.0,2018-12-15 09:01:21 UTC,2018-12-15 09:01:21 UTC
178326,1508511600,NYC,newyorkcoin,1.5e-05,2.2e-05,1.5e-05,2.1e-05,8236.0,2660914.0,2018-12-15 09:01:21 UTC,2018-12-15 09:01:21 UTC
178327,1508425200,NYC,newyorkcoin,6.0e-06,1.6e-05,5.0e-06,1.5e-05,18467.0,1980847.0,2018-12-15 09:01:21 UTC,2018-12-15 09:01:21 UTC
178328,1508338800,NYC,newyorkcoin,3.0e-06,6.0e-06,3.0e-06,6.0e-06,8142.0,745526.0,2018-12-15 09:01:21 UTC,2018-12-15 09:01:21 UTC
178329,1508252400,NYC,newyorkcoin,3.0e-06,4.0e-06,3.0e-06,3.0e-06,1068.0,440466.0,2018-12-15 09:01:21 UTC,2018-12-15 09:01:21 UTC
178330,1508166000,NYC,newyorkcoin,3.0e-06,4.0e-06,3.0e-06,3.0e-06,100.0,422311.0,2018-12-15 09:01:21 UTC,2018-12-15 09:01:21 UTC
178331,1508079600,NYC,newyorkcoin,3.0e-06,1.4e-05,3.0e-06,3.0e-06,818.0,410634.0,2018-12-15 09:01:21 UTC,2018-12-15 09:01:21 UTC
178332,1507993200,NYC,newyorkcoin,3.0e-06,6.0e-06,3.0e-06,3.0e-06,715.0,445086.0,2018-12-15 09:01:21 UTC,2018-12-15 09:01:21 UTC
178333,1507906800,NYC,newyorkcoin,6.0e-06,7.0e-06,3.0e-06,3.0e-06,3385.0,386144.0,2018-12-15 09:01:21 UTC,2018-12-15 09:01:21 UTC
178334,1507820400,NYC,newyorkcoin,5.0e-06,6.0e-06,3.0e-06,6.0e-06,2705.0,778997.0,2018-12-15 09:01:21 UTC,2018-12-15 09:01:21 UTC
178335,1507734000,NYC,newyorkcoin,6.0e-06,6.0e-06,3.0e-06,5.0e-06,523.0,649009.0,2018-12-15 09:01:21 UTC,2018-12-15 09:01:21 UTC
178336,1507647600,NYC,newyorkcoin,3.0e-06,6.0e-06,3.0e-06,6.0e-06,884.0,742351.0,2018-12-15 09:01:21 UTC,2018-12-15 09:01:21 UTC
178337,1507561200,NYC,newyorkcoin,5.0e-06,6.0e-06,3.0e-06,3.0e-06,433.0,400505.0,2018-12-15 09:01:21 UTC,2018-12-15 09:01:21 UTC
178338,1507474800,NYC,newyorkcoin,5.0e-06,6.0e-06,3.0e-06,5.0e-06,1288.0,636957.0,2018-12-15 09:01:21 UTC,2018-12-15 09:01:21 UTC
178339,1507388400,NYC,newyorkcoin,3.0e-06,6.0e-06,3.0e-06,5.0e-06,432.0,662958.0,2018-12-15 09:01:21 UTC,2018-12-15 09:01:21 UTC
178340,1507302000,NYC,newyorkcoin,3.0e-06,6.0e-06,3.0e-06,3.0e-06,352.0,411576.0,2018-12-15 09:01:21 UTC,2018-12-15 09:01:21 UTC
178341,1507215600,NYC,newyorkcoin,4.0e-06,6.0e-06,3.0e-06,3.0e-06,257.0,408750.0,2018-12-15 09:01:21 UTC,2018-12-15 09:01:21 UTC
178342,1507129200,NYC,newyorkcoin,4.0e-06,4.0e-06,2.0e-06,4.0e-06,1482.0,569047.0,2018-12-15 09:01:21 UTC,2018-12-15 09:01:21 UTC
178343,1507042800,NYC,newyorkcoin,4.0e-06,4.0e-06,3.0e-06,4.0e-06,1417.0,517473.0,2018-12-15 09:01:21 UTC,2018-12-15 09:01:21 UTC
178344,1506956400,NYC,newyorkcoin,3.0e-06,4.0e-06,3.0e-06,4.0e-06,145.0,474363.0,2018-12-15 09:01:21 UTC,2018-12-15 09:01:21 UTC
178345,1506870000,NYC,newyorkcoin,3.0e-06,5.0e-06,3.0e-06,3.0e-06,118.0,364956.0,2018-12-15 09:01:21 UTC,2018-12-15 09:01:21 UTC
178346,1506783600,NYC,newyorkcoin,4.0e-06,5.0e-06,2.0e-06,3.0e-06,31.0,448711.0,2018-12-15 09:01:21 UTC,2018-12-15 09:01:21 UTC
178347,1506697200,NYC,newyorkcoin,3.0e-06,5.0e-06,3.0e-06,4.0e-06,417.0,553383.0,2018-12-15 09:01:21 UTC,2018-12-15 09:01:21 UTC
178348,1506610800,NYC,newyorkcoin,4.0e-06,4.0e-06,3.0e-06,3.0e-06,238.0,415615.0,2018-12-15 09:01:21 UTC,2018-12-15 09:01:21 UTC
178349,1506524400,NYC,newyorkcoin,3.0e-06,4.0e-06,3.0e-06,4.0e-06,184.0,463021.0,2018-12-15 09:01:21 UTC,2018-12-15 09:01:21 UTC
178350,1506438000,NYC,newyorkcoin,4.0e-06,5.0e-06,3.0e-06,4.0e-06,1484.0,501241.0,2018-12-15 09:01:21 UTC,2018-12-15 09:01:21 UTC
178351,1506351600,NYC,newyorkcoin,4.0e-06,5.0e-06,2.0e-06,4.0e-06,1182.0,503086.0,2018-12-15 09:01:21 UTC,2018-12-15 09:01:21 UTC
178352,1506265200,NYC,newyorkcoin,3.0e-06,6.0e-06,2.0e-06,4.0e-06,946.0,479486.0,2018-12-15 09:01:21 UTC,2018-12-15 09:01:21 UTC
178353,1506178800,NYC,newyorkcoin,4.0e-06,6.0e-06,3.0e-06,3.0e-06,1706.0,370492.0,2018-12-15 09:01:21 UTC,2018-12-15 09:01:21 UTC
178354,1506092400,NYC,newyorkcoin,3.0e-06,4.0e-06,3.0e-06,4.0e-06,1096.0,560131.0,2018-12-15 09:01:21 UTC,2018-12-15 09:01:21 UTC
178355,1506006000,NYC,newyorkcoin,3.0e-06,3.0e-06,2.0e-06,3.0e-06,146.0,165550.0,2018-12-15 09:01:21 UTC,2018-12-15 09:01:21 UTC
178356,1505919600,NYC,newyorkcoin,3.0e-06,6.0e-06,3.0e-06,3.0e-06,230.0,155272.0,2018-12-15 09:01:21 UTC,2018-12-15 09:01:21 UTC
178357,1505833200,NYC,newyorkcoin,3.0e-06,6.0e-06,3.0e-06,3.0e-06,579.0,168655.0,2018-12-15 09:01:21 UTC,2018-12-15 09:01:21 UTC
178358,1505746800,NYC,newyorkcoin,3.0e-06,6.0e-06,3.0e-06,3.0e-06,488.0,171480.0,2018-12-15 09:01:21 UTC,2018-12-15 09:01:21 UTC
178359,1505660400,NYC,newyorkcoin,3.0e-06,3.0e-06,3.0e-06,3.0e-06,1613.0,180957.0,2018-12-15 09:01:21 UTC,2018-12-15 09:01:21 UTC
178360,1505574000,NYC,newyorkcoin,2.0e-06,4.0e-06,2.0e-06,3.0e-06,998.0,178013.0,2018-12-15 09:01:21 UTC,2018-12-15 09:01:21 UTC
178361,1505487600,NYC,newyorkcoin,5.0e-06,5.0e-06,2.0e-06,2.0e-06,1896.0,145478.0,2018-12-15 09:01:21 UTC,2018-12-15 09:01:21 UTC
178362,1505401200,NYC,newyorkcoin,4.0e-06,7.0e-06,2.0e-06,5.0e-06,7505.0,284422.0,2018-12-15 09:01:21 UTC,2018-12-15 09:01:21 UTC
178363,1505314800,NYC,newyorkcoin,4.0e-06,5.0e-06,3.0e-06,4.0e-06,813.0,261908.0,2018-12-15 09:01:21 UTC,2018-12-15 09:01:21 UTC
178364,1505228400,NYC,newyorkcoin,3.0e-06,6.0e-06,3.0e-06,4.0e-06,649.0,227067.0,2018-12-15 09:01:21 UTC,2018-12-15 09:01:21 UTC
178365,1505142000,NYC,newyorkcoin,5.0e-06,5.0e-06,3.0e-06,3.0e-06,152.0,173152.0,2018-12-15 09:01:21 UTC,2018-12-15 09:01:21 UTC
178366,1505055600,NYC,newyorkcoin,3.0e-06,6.0e-06,3.0e-06,5.0e-06,450.0,310538.0,2018-12-15 09:01:21 UTC,2018-12-15 09:01:21 UTC
178367,1504969200,NYC,newyorkcoin,4.0e-06,5.0e-06,3.0e-06,3.0e-06,307.0,189461.0,2018-12-15 09:01:21 UTC,2018-12-15 09:01:21 UTC
178368,1504882800,NYC,newyorkcoin,3.0e-06,4.0e-06,2.0e-06,4.0e-06,2054.0,216120.0,2018-12-15 09:01:21 UTC,2018-12-15 09:01:21 UTC
178369,1504796400,NYC,newyorkcoin,3.0e-06,3.0e-06,3.0e-06,3.0e-06,301.0,204302.0,2018-12-15 09:01:21 UTC,2018-12-15 09:01:21 UTC
178370,1504710000,NYC,newyorkcoin,4.0e-06,4.0e-06,3.0e-06,3.0e-06,847.0,203143.0,2018-12-15 09:01:21 UTC,2018-12-15 09:01:21 UTC
178371,1504623600,NYC,newyorkcoin,3.0e-06,4.0e-06,3.0e-06,3.0e-06,426.0,207855.0,2018-12-15 09:01:21 UTC,2018-12-15 09:01:21 UTC
178372,1504537200,NYC,newyorkcoin,3.0e-06,4.0e-06,3.0e-06,3.0e-06,877.0,172961.0,2018-12-15 09:01:21 UTC,2018-12-15 09:01:21 UTC
178373,1504450800,NYC,newyorkcoin,3.0e-06,3.0e-06,2.0e-06,3.0e-06,726.0,197052.0,2018-12-15 09:01:21 UTC,2018-12-15 09:01:21 UTC
178374,1504364400,NYC,newyorkcoin,3.0e-06,4.0e-06,2.0e-06,3.0e-06,386.0,172734.0,2018-12-15 09:01:21 UTC,2018-12-15 09:01:21 UTC
178375,1504278000,NYC,newyorkcoin,5.0e-06,5.0e-06,3.0e-06,3.0e-06,405.0,205998.0,2018-12-15 09:01:21 UTC,2018-12-15 09:01:21 UTC
178376,1504191600,NYC,newyorkcoin,4.0e-06,6.0e-06,4.0e-06,5.0e-06,654.0,289039.0,2018-12-15 09:01:21 UTC,2018-12-15 09:01:21 UTC
178377,1504105200,NYC,newyorkcoin,4.0e-06,7.0e-06,4.0e-06,4.0e-06,1217.0,231755.0,2018-12-15 09:01:21 UTC,2018-12-15 09:01:21 UTC
178378,1504018800,NYC,newyorkcoin,4.0e-06,6.0e-06,3.0e-06,4.0e-06,994.0,226995.0,2018-12-15 09:01:21 UTC,2018-12-15 09:01:21 UTC
178379,1503932400,NYC,newyorkcoin,6.0e-06,6.0e-06,4.0e-06,4.0e-06,247.0,224230.0,2018-12-15 09:01:21 UTC,2018-12-15 09:01:21 UTC
178380,1503846000,NYC,newyorkcoin,4.0e-06,6.0e-06,3.0e-06,6.0e-06,600.0,341359.0,2018-12-15 09:01:21 UTC,2018-12-15 09:01:21 UTC
178381,1503759600,NYC,newyorkcoin,3.0e-06,3.0e-06,3.0e-06,3.0e-06,4536.0,205114.0,2018-12-15 09:01:21 UTC,2018-12-15 09:01:21 UTC
178382,1503673200,NYC,newyorkcoin,4.0e-06,4.0e-06,3.0e-06,3.0e-06,725.0,159643.0,2018-12-15 09:01:21 UTC,2018-12-15 09:01:21 UTC
178383,1503586800,NYC,newyorkcoin,3.0e-06,5.0e-06,2.0e-06,4.0e-06,293.0,233815.0,2018-12-15 09:01:21 UTC,2018-12-15 09:01:21 UTC
178384,1503500400,NYC,newyorkcoin,3.0e-06,3.0e-06,2.0e-06,3.0e-06,812.0,169390.0,2018-12-15 09:01:21 UTC,2018-12-15 09:01:21 UTC
178385,1503414000,NYC,newyorkcoin,3.0e-06,3.0e-06,3.0e-06,3.0e-06,434.0,167915.0,2018-12-15 09:01:21 UTC,2018-12-15 09:01:21 UTC
178386,1503327600,NYC,newyorkcoin,8.0e-06,1.5e-05,2.0e-06,3.0e-06,363.0,157977.0,2018-12-15 09:01:21 UTC,2018-12-15 09:01:21 UTC
178387,1503241200,NYC,newyorkcoin,3.1e-05,3.1e-05,6.0e-06,8.0e-06,252.0,457932.0,2018-12-15 09:01:21 UTC,2018-12-15 09:01:21 UTC
178388,1503154800,NYC,newyorkcoin,7.0e-06,3.5e-05,7.0e-06,3.1e-05,448.0,1868207.0,2018-12-15 09:01:21 UTC,2018-12-15 09:01:21 UTC
178389,1503068400,NYC,newyorkcoin,3.0e-06,1.4e-05,3.0e-06,1.4e-05,572.0,809964.0,2018-12-15 09:01:21 UTC,2018-12-15 09:01:21 UTC
178390,1502982000,NYC,newyorkcoin,1.3e-05,1.3e-05,3.0e-06,3.0e-06,3360.0,203747.0,2018-12-15 09:01:21 UTC,2018-12-15 09:01:21 UTC
178391,1502895600,NYC,newyorkcoin,1.9e-05,1.9e-05,9.0e-06,1.3e-05,506.0,755863.0,2018-12-15 09:01:21 UTC,2018-12-15 09:01:21 UTC
178392,1502809200,NYC,newyorkcoin,1.9e-05,2.4e-05,1.5e-05,1.9e-05,1119.0,1130785.0,2018-12-15 09:01:21 UTC,2018-12-15 09:01:21 UTC
178393,1502722800,NYC,newyorkcoin,2.0e-05,2.4e-05,1.4e-05,1.9e-05,1328.0,1147262.0,2018-12-15 09:01:21 UTC,2018-12-15 09:01:21 UTC
178394,1502636400,NYC,newyorkcoin,5.0e-06,1.9e-05,4.0e-06,1.9e-05,296.0,1111776.0,2018-12-15 09:01:21 UTC,2018-12-15 09:01:21 UTC
178395,1502550000,NYC,newyorkcoin,1.8e-05,2.5e-05,5.0e-06,5.0e-06,950.0,300218.0,2018-12-15 09:01:21 UTC,2018-12-15 09:01:21 UTC
178396,1502463600,NYC,newyorkcoin,5.0e-06,1.8e-05,5.0e-06,1.8e-05,530.0,1067010.0,2018-12-15 09:01:21 UTC,2018-12-15 09:01:21 UTC
178397,1502377200,NYC,newyorkcoin,2.1e-05,2.2e-05,5.0e-06,5.0e-06,305.0,312246.0,2018-12-15 09:01:21 UTC,2018-12-15 09:01:21 UTC
178398,1502290800,NYC,newyorkcoin,5.0e-06,2.1e-05,4.0e-06,2.1e-05,370.0,1257696.0,2018-12-15 09:01:21 UTC,2018-12-15 09:01:21 UTC
178399,1502204400,NYC,newyorkcoin,5.0e-06,5.0e-06,4.0e-06,5.0e-06,339.0,271899.0,2018-12-15 09:01:21 UTC,2018-12-15 09:01:21 UTC
178400,1502118000,NYC,newyorkcoin,8.0e-06,1.1e-05,4.0e-06,5.0e-06,273.0,277745.0,2018-12-15 09:01:21 UTC,2018-12-15 09:01:21 UTC
178401,1502031600,NYC,newyorkcoin,6.0e-06,8.0e-06,4.0e-06,8.0e-06,608.0,502197.0,2018-12-15 09:01:21 UTC,2018-12-15 09:01:21 UTC
178402,1501945200,NYC,newyorkcoin,6.0e-06,6.0e-06,4.0e-06,6.0e-06,423.0,348729.0,2018-12-15 09:01:21 UTC,2018-12-15 09:01:21 UTC
178403,1501858800,NYC,newyorkcoin,5.0e-06,1.0e-05,5.0e-06,6.0e-06,463.0,375985.0,2018-12-15 09:01:21 UTC,2018-12-15 09:01:21 UTC
178404,1501772400,NYC,newyorkcoin,6.0e-06,1.2e-05,4.0e-06,5.0e-06,1635.0,300839.0,2018-12-15 09:01:21 UTC,2018-12-15 09:01:21 UTC
178405,1501686000,NYC,newyorkcoin,3.0e-06,1.0e-05,3.0e-06,6.0e-06,3248.0,374462.0,2018-12-15 09:01:21 UTC,2018-12-15 09:01:21 UTC
178406,1501599600,NYC,newyorkcoin,6.0e-06,1.2e-05,4.0e-06,4.0e-06,441.0,241561.0,2018-12-15 09:01:21 UTC,2018-12-15 09:01:21 UTC
178407,1501513200,NYC,newyorkcoin,5.0e-06,6.0e-06,2.0e-06,6.0e-06,429.0,334115.0,2018-12-15 09:01:21 UTC,2018-12-15 09:01:21 UTC
178408,1501426800,NYC,newyorkcoin,5.0e-06,1.0e-05,4.0e-06,5.0e-06,803.0,305438.0,2018-12-15 09:01:21 UTC,2018-12-15 09:01:21 UTC
178409,1501340400,NYC,newyorkcoin,7.0e-06,7.0e-06,2.0e-06,5.0e-06,1189.0,288459.0,2018-12-15 09:01:21 UTC,2018-12-15 09:01:21 UTC
178410,1501254000,NYC,newyorkcoin,2.3e-05,2.3e-05,6.0e-06,7.0e-06,756.0,434140.0,2018-12-15 09:01:21 UTC,2018-12-15 09:01:21 UTC
178411,1501167600,NYC,newyorkcoin,1.0e-05,1.7e-05,2.0e-06,1.5e-05,1173.0,897620.0,2018-12-15 09:01:21 UTC,2018-12-15 09:01:21 UTC
178412,1501081200,NYC,newyorkcoin,1.0e-05,1.1e-05,7.0e-06,1.0e-05,1602.0,606044.0,2018-12-15 09:01:21 UTC,2018-12-15 09:01:21 UTC
178413,1500994800,NYC,newyorkcoin,1.5e-05,2.3e-05,9.0e-06,1.0e-05,4537.0,571406.0,2018-12-15 09:01:21 UTC,2018-12-15 09:01:21 UTC
178414,1500908400,NYC,newyorkcoin,6.0e-06,1.5e-05,5.0e-06,1.5e-05,346.0,872884.0,2018-12-15 09:01:21 UTC,2018-12-15 09:01:21 UTC
178415,1500822000,NYC,newyorkcoin,5.0e-06,9.0e-06,5.0e-06,6.0e-06,2199.0,335877.0,2018-12-15 09:01:21 UTC,2018-12-15 09:01:21 UTC
178416,1500735600,NYC,newyorkcoin,1.8e-05,1.9e-05,5.0e-06,6.0e-06,2463.0,333882.0,2018-12-15 09:01:21 UTC,2018-12-15 09:01:21 UTC
178417,1500649200,NYC,newyorkcoin,1.6e-05,2.1e-05,1.4e-05,1.7e-05,227.0,994385.0,2018-12-15 09:01:21 UTC,2018-12-15 09:01:21 UTC
178418,1500562800,NYC,newyorkcoin,4.0e-06,1.5e-05,4.0e-06,1.5e-05,565.0,881263.0,2018-12-15 09:01:21 UTC,2018-12-15 09:01:21 UTC
178419,1500476400,NYC,newyorkcoin,9.0e-06,1.0e-05,3.0e-06,4.0e-06,743.0,261944.0,2018-12-15 09:01:21 UTC,2018-12-15 09:01:21 UTC
178420,1500390000,NYC,newyorkcoin,1.1e-05,1.7e-05,8.0e-06,1.0e-05,567.0,568080.0,2018-12-15 09:01:21 UTC,2018-12-15 09:01:21 UTC
178421,1500303600,NYC,newyorkcoin,1.2e-05,1.5e-05,8.0e-06,1.0e-05,1522.0,590158.0,2018-12-15 09:01:21 UTC,2018-12-15 09:01:21 UTC
178422,1500217200,NYC,newyorkcoin,4.0e-06,2.0e-05,4.0e-06,1.2e-05,2950.0,690661.0,2018-12-15 09:01:21 UTC,2018-12-15 09:01:21 UTC
178423,1500130800,NYC,newyorkcoin,9.0e-06,1.0e-05,2.0e-06,4.0e-06,58.0,231122.0,2018-12-15 09:01:21 UTC,2018-12-15 09:01:21 UTC
178424,1500044400,NYC,newyorkcoin,2.0e-06,1.0e-05,2.0e-06,9.0e-06,488.0,563595.0,2018-12-15 09:01:21 UTC,2018-12-15 09:01:21 UTC
178425,1499958000,NYC,newyorkcoin,1.3e-05,1.6e-05,2.0e-06,2.0e-06,1232.0,120467.0,2018-12-15 09:01:21 UTC,2018-12-15 09:01:21 UTC
178426,1499871600,NYC,newyorkcoin,1.3e-05,1.7e-05,1.2e-05,1.3e-05,282.0,791158.0,2018-12-15 09:01:21 UTC,2018-12-15 09:01:21 UTC
178427,1499785200,NYC,newyorkcoin,1.4e-05,1.4e-05,1.2e-05,1.3e-05,958.0,791958.0,2018-12-15 09:01:21 UTC,2018-12-15 09:01:21 UTC
178428,1499698800,NYC,newyorkcoin,1.3e-05,1.4e-05,1.3e-05,1.4e-05,861.0,813386.0,2018-12-15 09:01:21 UTC,2018-12-15 09:01:21 UTC
178429,1499612400,NYC,newyorkcoin,1.4e-05,1.5e-05,1.3e-05,1.3e-05,915.0,794472.0,2018-12-15 09:01:21 UTC,2018-12-15 09:01:21 UTC
178430,1499526000,NYC,newyorkcoin,1.9e-05,2.0e-05,1.4e-05,1.4e-05,957.0,860988.0,2018-12-15 09:01:21 UTC,2018-12-15 09:01:21 UTC
178431,1499439600,NYC,newyorkcoin,7.0e-06,1.9e-05,6.0e-06,1.9e-05,696.0,1153574.0,2018-12-15 09:01:21 UTC,2018-12-15 09:01:21 UTC
178432,1499353200,NYC,newyorkcoin,3.0e-06,8.0e-06,3.0e-06,7.0e-06,2786.0,402775.0,2018-12-15 09:01:21 UTC,2018-12-15 09:01:21 UTC
178433,1499266800,NYC,newyorkcoin,9.907,4.0e-06,8.707,3.0e-06,903.0,206117.0,2018-12-15 09:01:21 UTC,2018-12-15 09:01:21 UTC
178434,1499180400,NYC,newyorkcoin,1.1e-05,1.1e-05,9.907,9.907,133.0,59415.0,2018-12-15 09:01:21 UTC,2018-12-15 09:01:21 UTC
178435,1499094000,NYC,newyorkcoin,4.0e-06,1.1e-05,8.607,1.1e-05,60.0,657128.0,2018-12-15 09:01:21 UTC,2018-12-15 09:01:21 UTC
178436,1499007600,NYC,newyorkcoin,9.0e-06,1.0e-05,4.0e-06,4.0e-06,194.0,224738.0,2018-12-15 09:01:21 UTC,2018-12-15 09:01:21 UTC
178437,1498921200,NYC,newyorkcoin,2.3e-05,2.3e-05,8.0e-06,9.0e-06,143.0,521397.0,2018-12-15 09:01:21 UTC,2018-12-15 09:01:21 UTC
178438,1498834800,NYC,newyorkcoin,2.3e-05,2.3e-05,6.307,2.1e-05,120.0,1268362.0,2018-12-15 09:01:21 UTC,2018-12-15 09:01:21 UTC
178439,1498748400,NYC,newyorkcoin,2.2e-05,2.3e-05,2.0e-06,2.3e-05,109.0,1376509.0,2018-12-15 09:01:21 UTC,2018-12-15 09:01:21 UTC
178440,1498662000,NYC,newyorkcoin,1.1e-05,2.3e-05,1.0e-05,2.2e-05,124.0,1325615.0,2018-12-15 09:01:21 UTC,2018-12-15 09:01:21 UTC
178441,1498575600,NYC,newyorkcoin,1.3e-05,1.3e-05,8.807,9.0e-06,73.0,559946.0,2018-12-15 09:01:21 UTC,2018-12-15 09:01:21 UTC
178442,1498489200,NYC,newyorkcoin,4.0e-06,2.0e-05,4.0e-06,1.5e-05,119.0,913590.0,2018-12-15 09:01:21 UTC,2018-12-15 09:01:21 UTC
178443,1498402800,NYC,newyorkcoin,1.5e-05,2.0e-05,4.0e-06,4.0e-06,60.0,253374.0,2018-12-15 09:01:21 UTC,2018-12-15 09:01:21 UTC
178444,1498316400,NYC,newyorkcoin,1.6e-05,1.7e-05,5.0e-06,1.5e-05,305.0,888913.0,2018-12-15 09:01:21 UTC,2018-12-15 09:01:21 UTC
178445,1498230000,NYC,newyorkcoin,1.8e-05,2.4e-05,1.1e-05,1.6e-05,106.0,944345.0,2018-12-15 09:01:21 UTC,2018-12-15 09:01:21 UTC
178446,1498143600,NYC,newyorkcoin,1.3e-05,2.1e-05,1.0e-05,1.7e-05,450.0,1022250.0,2018-12-15 09:01:21 UTC,2018-12-15 09:01:21 UTC
178447,1498057200,NYC,newyorkcoin,2.0e-06,1.4e-05,2.0e-06,1.4e-05,292.0,852448.0,2018-12-15 09:01:21 UTC,2018-12-15 09:01:21 UTC
178448,1497970800,NYC,newyorkcoin,1.0e-05,1.3e-05,8.0e-06,8.0e-06,383.0,469076.0,2018-12-15 09:01:21 UTC,2018-12-15 09:01:21 UTC
178449,1497884400,NYC,newyorkcoin,1.3e-05,1.8e-05,1.1e-05,1.2e-05,293.0,723549.0,2018-12-15 09:01:21 UTC,2018-12-15 09:01:21 UTC
178450,1497798000,NYC,newyorkcoin,9.0e-06,1.3e-05,2.0e-06,1.3e-05,132.0,750972.0,2018-12-15 09:01:21 UTC,2018-12-15 09:01:21 UTC
178451,1497711600,NYC,newyorkcoin,1.4e-05,1.4e-05,9.0e-06,9.0e-06,91.0,560842.0,2018-12-15 09:01:21 UTC,2018-12-15 09:01:21 UTC
178452,1497625200,NYC,newyorkcoin,1.3e-05,1.7e-05,8.0e-06,1.4e-05,118.0,817626.0,2018-12-15 09:01:21 UTC,2018-12-15 09:01:21 UTC
178453,1497538800,NYC,newyorkcoin,2.1e-05,2.2e-05,1.2e-05,1.3e-05,438.0,802242.0,2018-12-15 09:01:21 UTC,2018-12-15 09:01:21 UTC
178454,1497452400,NYC,newyorkcoin,3.0e-06,2.1e-05,907.0,2.1e-05,316.0,1240371.0,2018-12-15 09:01:21 UTC,2018-12-15 09:01:21 UTC
178455,1497366000,NYC,newyorkcoin,7.0e-06,7.0e-06,2.0e-06,3.0e-06,1191.0,180420.0,2018-12-15 09:01:21 UTC,2018-12-15 09:01:21 UTC
178456,1497279600,NYC,newyorkcoin,5.0e-06,1.1e-05,4.0e-06,7.0e-06,1622.0,405367.0,2018-12-15 09:01:21 UTC,2018-12-15 09:01:21 UTC
178457,1497193200,NYC,newyorkcoin,1.3e-05,1.4e-05,5.0e-06,5.0e-06,372.0,284518.0,2018-12-15 09:01:21 UTC,2018-12-15 09:01:21 UTC
178458,1497106800,NYC,newyorkcoin,6.0e-06,2.1e-05,5.0e-06,1.3e-05,1932.0,782660.0,2018-12-15 09:01:21 UTC,2018-12-15 09:01:21 UTC
178459,1497020400,NYC,newyorkcoin,1.1e-05,1.5e-05,6.0e-06,6.0e-06,1039.0,351691.0,2018-12-15 09:01:21 UTC,2018-12-15 09:01:21 UTC
178460,1496934000,NYC,newyorkcoin,9.0e-06,1.2e-05,5.0e-06,1.1e-05,217.0,640257.0,2018-12-15 09:01:22 UTC,2018-12-15 09:01:22 UTC
178461,1496847600,NYC,newyorkcoin,1.4e-05,2.6e-05,8.0e-06,9.0e-06,2857.0,517228.0,2018-12-15 09:01:22 UTC,2018-12-15 09:01:22 UTC
178462,1496761200,NYC,newyorkcoin,2.0e-06,1.8e-05,1.0e-06,1.5e-05,123.0,873344.0,2018-12-15 09:01:22 UTC,2018-12-15 09:01:22 UTC
178463,1496674800,NYC,newyorkcoin,9.0e-06,1.1e-05,4.0e-06,4.0e-06,551.0,251499.0,2018-12-15 09:01:22 UTC,2018-12-15 09:01:22 UTC
178464,1496588400,NYC,newyorkcoin,1.1e-05,1.7e-05,5.0e-06,9.0e-06,555.0,536769.0,2018-12-15 09:01:22 UTC,2018-12-15 09:01:22 UTC
178465,1496502000,NYC,newyorkcoin,2.5e-05,2.5e-05,1.0e-05,1.1e-05,180.0,627758.0,2018-12-15 09:01:22 UTC,2018-12-15 09:01:22 UTC
178466,1496415600,NYC,newyorkcoin,2.3e-05,2.5e-05,607.0,2.5e-05,43.0,1483378.0,2018-12-15 09:01:22 UTC,2018-12-15 09:01:22 UTC
178467,1496329200,NYC,newyorkcoin,2.4e-05,2.4e-05,1.9e-05,2.3e-05,386.0,1353505.0,2018-12-15 09:01:22 UTC,2018-12-15 09:01:22 UTC
178468,1496242800,NYC,newyorkcoin,2.3e-05,2.4e-05,4.107,2.4e-05,7.0,1432215.0,2018-12-15 09:01:22 UTC,2018-12-15 09:01:22 UTC
178469,1496156400,NYC,newyorkcoin,2.1e-05,2.3e-05,2.1e-05,2.3e-05,186.0,1364451.0,2018-12-15 09:01:22 UTC,2018-12-15 09:01:22 UTC
178470,1496070000,NYC,newyorkcoin,2.1e-05,2.3e-05,2.0e-05,2.1e-05,511.0,1257475.0,2018-12-15 09:01:22 UTC,2018-12-15 09:01:22 UTC
178471,1495983600,NYC,newyorkcoin,1.0e-05,2.3e-05,9.0e-06,2.1e-05,126.0,1225489.0,2018-12-15 09:01:22 UTC,2018-12-15 09:01:22 UTC
178472,1495897200,NYC,newyorkcoin,2.0e-05,2.3e-05,1.6e-05,1.7e-05,2068.0,1043743.0,2018-12-15 09:01:22 UTC,2018-12-15 09:01:22 UTC
178473,1495810800,NYC,newyorkcoin,2.2e-05,2.2e-05,1.9e-05,2.0e-05,2960.0,1214674.0,2018-12-15 09:01:22 UTC,2018-12-15 09:01:22 UTC
178474,1495724400,NYC,newyorkcoin,1.3e-05,2.3e-05,1.3e-05,2.2e-05,1163.0,1284086.0,2018-12-15 09:01:22 UTC,2018-12-15 09:01:22 UTC
178475,1495638000,NYC,newyorkcoin,9.0e-06,1.6e-05,7.0e-06,1.0e-05,415.0,571574.0,2018-12-15 09:01:22 UTC,2018-12-15 09:01:22 UTC
178476,1495551600,NYC,newyorkcoin,1.9e-05,2.3e-05,1.1e-05,1.1e-05,855.0,663082.0,2018-12-15 09:01:22 UTC,2018-12-15 09:01:22 UTC
178477,1495465200,NYC,newyorkcoin,1.4e-05,2.0e-05,5.0e-06,1.9e-05,1336.0,1126563.0,2018-12-15 09:01:22 UTC,2018-12-15 09:01:22 UTC
178478,1495378800,NYC,newyorkcoin,1.207,1.4e-05,1.207,1.4e-05,32.0,824296.0,2018-12-15 09:01:22 UTC,2018-12-15 09:01:22 UTC
178479,1495292400,NYC,newyorkcoin,1.307,1.307,107.0,1.207,1.0,7423.0,2018-12-15 09:01:22 UTC,2018-12-15 09:01:22 UTC
178480,1495206000,NYC,newyorkcoin,8.107,8.307,1.107,1.307,0.0,7829.0,2018-12-15 09:01:22 UTC,2018-12-15 09:01:22 UTC
178481,1495119600,NYC,newyorkcoin,1.407,8.207,7.308,8.107,8.0,48433.0,2018-12-15 09:01:22 UTC,2018-12-15 09:01:22 UTC
178482,1495033200,NYC,newyorkcoin,3.708,1.907,3.108,1.407,7.0,8653.0,2018-12-15 09:01:22 UTC,2018-12-15 09:01:22 UTC
178483,1494946800,NYC,newyorkcoin,1.908,3.708,1.808,3.708,1.0,2186.0,2018-12-15 09:01:22 UTC,2018-12-15 09:01:22 UTC
178484,1494860400,NYC,newyorkcoin,1.707,1.707,1.908,1.908,0.0,1135.0,2018-12-15 09:01:22 UTC,2018-12-15 09:01:22 UTC
178485,1494774000,NYC,newyorkcoin,3.307,4.107,1.607,1.707,3.0,9967.0,2018-12-15 09:01:22 UTC,2018-12-15 09:01:22 UTC
178486,1494687600,NYC,newyorkcoin,1.207,3.307,1.207,3.307,0.0,19522.0,2018-12-15 09:01:22 UTC,2018-12-15 09:01:22 UTC
178487,1494601200,NYC,newyorkcoin,1.507,1.707,107.0,1.207,1.0,7316.0,2018-12-15 09:01:22 UTC,2018-12-15 09:01:22 UTC
178488,1494514800,NYC,newyorkcoin,3.708,1.507,6.809,1.507,2.0,8803.0,2018-12-15 09:01:22 UTC,2018-12-15 09:01:22 UTC
178489,1494428400,NYC,newyorkcoin,1.707,3.107,3.208,3.708,0.0,2234.0,2018-12-15 09:01:22 UTC,2018-12-15 09:01:22 UTC
178490,1494342000,NYC,newyorkcoin,7.408,2.807,7.308,1.707,12.0,10242.0,2018-12-15 09:01:22 UTC,2018-12-15 09:01:22 UTC
178491,1494255600,NYC,newyorkcoin,1.307,1.307,508.0,7.408,0.0,4425.0,2018-12-15 09:01:22 UTC,2018-12-15 09:01:22 UTC
178492,1494169200,NYC,newyorkcoin,2.307,2.307,9.908,1.307,1.0,7680.0,2018-12-15 09:01:22 UTC,2018-12-15 09:01:22 UTC
178493,1494082800,NYC,newyorkcoin,1.6e-05,1.6e-05,6.408,2.307,2.0,13586.0,2018-12-15 09:01:22 UTC,2018-12-15 09:01:22 UTC
178494,1493996400,NYC,newyorkcoin,4.0e-06,1.6e-05,4.0e-06,1.6e-05,106.0,942619.0,2018-12-15 09:01:22 UTC,2018-12-15 09:01:22 UTC
178495,1493910000,NYC,newyorkcoin,3.0e-06,6.0e-06,2.0e-06,5.0e-06,43.0,269014.0,2018-12-15 09:01:22 UTC,2018-12-15 09:01:22 UTC
178496,1493823600,NYC,newyorkcoin,2.107,4.0e-06,207.0,3.0e-06,27.0,151420.0,2018-12-15 09:01:22 UTC,2018-12-15 09:01:22 UTC
178497,1493737200,NYC,newyorkcoin,5.508,2.307,1.708,2.107,0.0,12565.0,2018-12-15 09:01:22 UTC,2018-12-15 09:01:22 UTC
178498,1493650800,NYC,newyorkcoin,2.207,2.407,5.208,5.508,32.0,3273.0,2018-12-15 09:01:22 UTC,2018-12-15 09:01:22 UTC
178499,1493564400,NYC,newyorkcoin,3.607,3.807,6.608,2.207,41.0,12882.0,2018-12-15 09:01:22 UTC,2018-12-15 09:01:22 UTC
178500,1493478000,NYC,newyorkcoin,1.3e-05,1.3e-05,3.607,3.607,476.0,21457.0,2018-12-15 09:01:22 UTC,2018-12-15 09:01:22 UTC
178501,1493391600,NYC,newyorkcoin,7.0e-06,0.000113,2.0e-06,1.3e-05,692.0,765263.0,2018-12-15 09:01:22 UTC,2018-12-15 09:01:22 UTC
178502,1493305200,NYC,newyorkcoin,2.108,8.0e-06,2.108,6.0e-06,56.0,385474.0,2018-12-15 09:01:22 UTC,2018-12-15 09:01:22 UTC
178503,1493218800,NYC,newyorkcoin,2.608,2.708,1.608,2.108,4.0,1260.0,2018-12-15 09:01:22 UTC,2018-12-15 09:01:22 UTC
178504,1493132400,NYC,newyorkcoin,3.508,3.608,1.908,2.608,0.0,1577.0,2018-12-15 09:01:22 UTC,2018-12-15 09:01:22 UTC
178505,1493046000,NYC,newyorkcoin,3.508,8.408,3.508,3.508,2.0,2084.0,2018-12-15 09:01:22 UTC,2018-12-15 09:01:22 UTC
178506,1492959600,NYC,newyorkcoin,2.208,8.908,1.908,3.608,14.0,2126.0,2018-12-15 09:01:22 UTC,2018-12-15 09:01:22 UTC
178507,1492873200,NYC,newyorkcoin,208.0,2.408,1.608,208.0,2.0,1212.0,2018-12-15 09:01:22 UTC,2018-12-15 09:01:22 UTC
178508,1492786800,NYC,newyorkcoin,1.508,2.808,1.508,208.0,1.0,1182.0,2018-12-15 09:01:22 UTC,2018-12-15 09:01:22 UTC
178509,1492700400,NYC,newyorkcoin,1.308,4.108,8.909,1.508,6.0,914.0,2018-12-15 09:01:22 UTC,2018-12-15 09:01:22 UTC
178510,1492614000,NYC,newyorkcoin,2.508,4.208,909.0,1.308,27.0,794.0,2018-12-15 09:01:22 UTC,2018-12-15 09:01:22 UTC
178511,1492527600,NYC,newyorkcoin,7.708,7.808,2.508,2.508,131.0,1481.0,2018-12-15 09:01:22 UTC,2018-12-15 09:01:22 UTC
178512,1492441200,NYC,newyorkcoin,7.908,7.908,708.0,7.808,4.0,4658.0,2018-12-15 09:01:22 UTC,2018-12-15 09:01:22 UTC
178513,1492354800,NYC,newyorkcoin,8.208,8.708,7.208,7.808,2.0,4658.0,2018-12-15 09:01:22 UTC,2018-12-15 09:01:22 UTC
178514,1492268400,NYC,newyorkcoin,7.508,8.308,6.508,8.208,0.0,4885.0,2018-12-15 09:01:22 UTC,2018-12-15 09:01:22 UTC
178515,1492182000,NYC,newyorkcoin,6.908,7.708,5.708,7.508,2.0,4503.0,2018-12-15 09:01:22 UTC,2018-12-15 09:01:22 UTC
178516,1492095600,NYC,newyorkcoin,6.508,8.108,5.608,6.908,18.0,4109.0,2018-12-15 09:01:22 UTC,2018-12-15 09:01:22 UTC
178517,1492009200,NYC,newyorkcoin,7.508,7.708,6.408,6.408,7.0,3798.0,2018-12-15 09:01:22 UTC,2018-12-15 09:01:22 UTC
178518,1491922800,NYC,newyorkcoin,7.808,8.108,7.108,7.508,4.0,4449.0,2018-12-15 09:01:22 UTC,2018-12-15 09:01:22 UTC
178519,1491836400,NYC,newyorkcoin,7.508,7.908,6.608,7.808,5.0,4658.0,2018-12-15 09:01:22 UTC,2018-12-15 09:01:22 UTC
178520,1491750000,NYC,newyorkcoin,6.808,7.608,608.0,7.608,10.0,4533.0,2018-12-15 09:01:22 UTC,2018-12-15 09:01:22 UTC
178521,1491663600,NYC,newyorkcoin,908.0,908.0,4.808,6.908,71.0,4091.0,2018-12-15 09:01:22 UTC,2018-12-15 09:01:22 UTC
178522,1491577200,NYC,newyorkcoin,6.808,9.308,6.808,9.108,8.0,5417.0,2018-12-15 09:01:22 UTC,2018-12-15 09:01:22 UTC
178523,1491490800,NYC,newyorkcoin,8.708,8.808,6.608,6.808,7.0,4043.0,2018-12-15 09:01:22 UTC,2018-12-15 09:01:22 UTC
178524,1491404400,NYC,newyorkcoin,7.908,107.0,7.908,8.608,2.0,5130.0,2018-12-15 09:01:22 UTC,2018-12-15 09:01:22 UTC
178525,1491318000,NYC,newyorkcoin,808.0,9.608,7.708,808.0,2.0,4772.0,2018-12-15 09:01:22 UTC,2018-12-15 09:01:22 UTC
178526,1491231600,NYC,newyorkcoin,8.608,1.107,708.0,7.908,9.0,4688.0,2018-12-15 09:01:22 UTC,2018-12-15 09:01:22 UTC
178527,1491145200,NYC,newyorkcoin,9.808,1.407,508.0,8.508,64.0,5100.0,2018-12-15 09:01:22 UTC,2018-12-15 09:01:22 UTC
178528,1491058800,NYC,newyorkcoin,8.608,1.107,7.508,9.808,8.0,5841.0,2018-12-15 09:01:22 UTC,2018-12-15 09:01:22 UTC
178529,1490972400,NYC,newyorkcoin,7.308,8.708,5.908,8.608,11.0,5142.0,2018-12-15 09:01:22 UTC,2018-12-15 09:01:22 UTC
178530,1490886000,NYC,newyorkcoin,6.408,8.708,508.0,7.208,28.0,4306.0,2018-12-15 09:01:22 UTC,2018-12-15 09:01:22 UTC
178531,1490799600,NYC,newyorkcoin,7.808,808.0,6.208,6.408,30.0,3804.0,2018-12-15 09:01:22 UTC,2018-12-15 09:01:22 UTC
178532,1490713200,NYC,newyorkcoin,8.408,8.408,6.208,7.608,9.0,4563.0,2018-12-15 09:01:22 UTC,2018-12-15 09:01:22 UTC
178533,1490626800,NYC,newyorkcoin,6.708,9.408,3.808,8.208,33.0,4891.0,2018-12-15 09:01:22 UTC,2018-12-15 09:01:22 UTC
178534,1490540400,NYC,newyorkcoin,4.708,9.308,4.508,6.908,11.0,4097.0,2018-12-15 09:01:22 UTC,2018-12-15 09:01:22 UTC
178535,1490454000,NYC,newyorkcoin,8.608,908.0,4.608,4.608,55.0,2759.0,2018-12-15 09:01:22 UTC,2018-12-15 09:01:22 UTC
178536,1490367600,NYC,newyorkcoin,7.908,9.508,7.308,8.608,1.0,5154.0,2018-12-15 09:01:22 UTC,2018-12-15 09:01:22 UTC
178537,1490281200,NYC,newyorkcoin,708.0,9.208,6.808,7.908,5.0,4736.0,2018-12-15 09:01:22 UTC,2018-12-15 09:01:22 UTC
178538,1490194800,NYC,newyorkcoin,7.708,8.708,6.808,708.0,5.0,4192.0,2018-12-15 09:01:22 UTC,2018-12-15 09:01:22 UTC
178539,1490108400,NYC,newyorkcoin,8.108,9.908,6.708,7.808,28.0,4652.0,2018-12-15 09:01:22 UTC,2018-12-15 09:01:22 UTC
178540,1490022000,NYC,newyorkcoin,8.608,9.908,7.908,8.108,14.0,4837.0,2018-12-15 09:01:22 UTC,2018-12-15 09:01:22 UTC
178541,1489935600,NYC,newyorkcoin,7.108,9.208,6.108,908.0,46.0,5357.0,2018-12-15 09:01:22 UTC,2018-12-15 09:01:22 UTC
178542,1489849200,NYC,newyorkcoin,708.0,7.608,6.508,7.108,4.0,4210.0,2018-12-15 09:01:22 UTC,2018-12-15 09:01:22 UTC
178543,1489762800,NYC,newyorkcoin,6.908,7.308,6.108,708.0,7.0,4174.0,2018-12-15 09:01:22 UTC,2018-12-15 09:01:22 UTC
178544,1489676400,NYC,newyorkcoin,6.508,7.208,5.508,6.908,4.0,4127.0,2018-12-15 09:01:22 UTC,2018-12-15 09:01:22 UTC
178545,1489590000,NYC,newyorkcoin,608.0,7.308,5.708,6.508,4.0,3870.0,2018-12-15 09:01:22 UTC,2018-12-15 09:01:22 UTC
178546,1489503600,NYC,newyorkcoin,6.308,6.708,5.708,6.108,2.0,3637.0,2018-12-15 09:01:22 UTC,2018-12-15 09:01:22 UTC
178547,1489417200,NYC,newyorkcoin,608.0,7.408,5.808,6.308,3.0,3780.0,2018-12-15 09:01:22 UTC,2018-12-15 09:01:22 UTC
178548,1489330800,NYC,newyorkcoin,608.0,7.608,5.608,6.108,11.0,3649.0,2018-12-15 09:01:22 UTC,2018-12-15 09:01:22 UTC
178549,1489244400,NYC,newyorkcoin,5.908,6.608,5.708,6.108,2.0,3643.0,2018-12-15 09:01:22 UTC,2018-12-15 09:01:22 UTC
178550,1489158000,NYC,newyorkcoin,5.908,6.608,5.608,5.908,2.0,3506.0,2018-12-15 09:01:22 UTC,2018-12-15 09:01:22 UTC
178551,1489071600,NYC,newyorkcoin,5.908,6.608,5.708,5.908,8.0,3529.0,2018-12-15 09:01:22 UTC,2018-12-15 09:01:22 UTC
178552,1488985200,NYC,newyorkcoin,608.0,6.408,5.708,5.908,4.0,3523.0,2018-12-15 09:01:22 UTC,2018-12-15 09:01:22 UTC
178553,1488898800,NYC,newyorkcoin,6.308,6.308,5.808,608.0,3.0,3601.0,2018-12-15 09:01:22 UTC,2018-12-15 09:01:22 UTC
178554,1488812400,NYC,newyorkcoin,6.208,6.808,608.0,6.208,6.0,3732.0,2018-12-15 09:01:22 UTC,2018-12-15 09:01:22 UTC
178555,1488726000,NYC,newyorkcoin,5.708,6.808,5.508,6.308,4.0,3756.0,2018-12-15 09:01:22 UTC,2018-12-15 09:01:22 UTC
178556,1488639600,NYC,newyorkcoin,5.708,6.808,5.408,5.608,4.0,3356.0,2018-12-15 09:01:22 UTC,2018-12-15 09:01:22 UTC
178557,1488553200,NYC,newyorkcoin,6.108,6.108,5.408,5.708,4.0,3416.0,2018-12-15 09:01:22 UTC,2018-12-15 09:01:22 UTC
178558,1488466800,NYC,newyorkcoin,608.0,6.808,4.608,6.108,3.0,3649.0,2018-12-15 09:01:22 UTC,2018-12-15 09:01:22 UTC
178559,1488380400,NYC,newyorkcoin,6.608,6.908,4.608,608.0,11.0,3589.0,2018-12-15 09:01:22 UTC,2018-12-15 09:01:22 UTC
178560,1488294000,NYC,newyorkcoin,6.608,6.708,4.208,6.508,2.0,3870.0,2018-12-15 09:01:22 UTC,2018-12-15 09:01:22 UTC
178561,1488207600,NYC,newyorkcoin,6.308,6.708,5.608,6.608,7.0,3942.0,2018-12-15 09:01:22 UTC,2018-12-15 09:01:22 UTC
178562,1488121200,NYC,newyorkcoin,5.808,6.908,5.608,6.508,14.0,3852.0,2018-12-15 09:01:22 UTC,2018-12-15 09:01:22 UTC
178563,1488034800,NYC,newyorkcoin,6.408,6.908,5.108,5.708,7.0,3392.0,2018-12-15 09:01:22 UTC,2018-12-15 09:01:22 UTC
178564,1487948400,NYC,newyorkcoin,6.708,6.908,6.208,6.408,3.0,3828.0,2018-12-15 09:01:22 UTC,2018-12-15 09:01:22 UTC
178565,1487862000,NYC,newyorkcoin,6.408,708.0,6.108,6.908,3.0,4091.0,2018-12-15 09:01:22 UTC,2018-12-15 09:01:22 UTC
178566,1487775600,NYC,newyorkcoin,6.308,6.908,6.108,6.408,3.0,3840.0,2018-12-15 09:01:22 UTC,2018-12-15 09:01:22 UTC
178567,1487689200,NYC,newyorkcoin,6.208,6.908,6.108,6.308,1.0,3738.0,2018-12-15 09:01:22 UTC,2018-12-15 09:01:22 UTC
178568,1487602800,NYC,newyorkcoin,6.508,708.0,608.0,6.208,8.0,3732.0,2018-12-15 09:01:22 UTC,2018-12-15 09:01:22 UTC
178569,1487516400,NYC,newyorkcoin,7.308,7.408,6.208,6.408,8.0,3828.0,2018-12-15 09:01:22 UTC,2018-12-15 09:01:22 UTC
178570,1487430000,NYC,newyorkcoin,5.908,7.308,5.908,7.308,6.0,4336.0,2018-12-15 09:01:22 UTC,2018-12-15 09:01:22 UTC
178571,1487343600,NYC,newyorkcoin,6.508,6.508,5.908,5.908,5.0,3523.0,2018-12-15 09:01:22 UTC,2018-12-15 09:01:22 UTC
178572,1487257200,NYC,newyorkcoin,6.308,6.808,6.108,6.508,1.0,3858.0,2018-12-15 09:01:22 UTC,2018-12-15 09:01:22 UTC
178573,1487170800,NYC,newyorkcoin,7.308,7.408,6.208,6.408,2.0,3792.0,2018-12-15 09:01:22 UTC,2018-12-15 09:01:22 UTC
178574,1487084400,NYC,newyorkcoin,5.608,7.308,5.208,7.308,17.0,4366.0,2018-12-15 09:01:22 UTC,2018-12-15 09:01:22 UTC
178575,1486998000,NYC,newyorkcoin,5.308,6.208,4.908,5.608,14.0,3362.0,2018-12-15 09:01:22 UTC,2018-12-15 09:01:22 UTC
178576,1486911600,NYC,newyorkcoin,5.708,5.908,5.108,5.308,1.0,3165.0,2018-12-15 09:01:22 UTC,2018-12-15 09:01:22 UTC
178577,1486825200,NYC,newyorkcoin,5.608,6.108,5.208,5.608,2.0,3356.0,2018-12-15 09:01:22 UTC,2018-12-15 09:01:22 UTC
178578,1486738800,NYC,newyorkcoin,6.808,7.508,5.508,5.608,7.0,3332.0,2018-12-15 09:01:22 UTC,2018-12-15 09:01:22 UTC
178579,1486652400,NYC,newyorkcoin,6.308,7.208,608.0,6.708,2.0,4025.0,2018-12-15 09:01:22 UTC,2018-12-15 09:01:22 UTC
178580,1486566000,NYC,newyorkcoin,708.0,7.308,6.308,6.308,1.0,3780.0,2018-12-15 09:01:22 UTC,2018-12-15 09:01:22 UTC
178581,1486479600,NYC,newyorkcoin,5.608,7.308,5.508,7.108,15.0,4252.0,2018-12-15 09:01:22 UTC,2018-12-15 09:01:22 UTC
178582,1486393200,NYC,newyorkcoin,4.908,6.208,4.708,5.508,11.0,3279.0,2018-12-15 09:01:22 UTC,2018-12-15 09:01:22 UTC
178583,1486306800,NYC,newyorkcoin,6.208,6.208,4.108,4.908,2.0,2956.0,2018-12-15 09:01:22 UTC,2018-12-15 09:01:22 UTC
178584,1486220400,NYC,newyorkcoin,2.608,6.208,2.508,6.108,38.0,3667.0,2018-12-15 09:01:22 UTC,2018-12-15 09:01:22 UTC
178585,1486134000,NYC,newyorkcoin,2.808,2.808,2.508,2.608,3.0,1529.0,2018-12-15 09:01:22 UTC,2018-12-15 09:01:22 UTC
178586,1486047600,NYC,newyorkcoin,2.708,2.808,2.608,2.808,1.0,1654.0,2018-12-15 09:01:22 UTC,2018-12-15 09:01:22 UTC
178587,1485961200,NYC,newyorkcoin,2.708,2.808,2.608,2.708,0.0,1636.0,2018-12-15 09:01:22 UTC,2018-12-15 09:01:22 UTC
178588,1485874800,NYC,newyorkcoin,2.808,2.808,2.608,2.608,0.0,1565.0,2018-12-15 09:01:22 UTC,2018-12-15 09:01:22 UTC
178589,1485788400,NYC,newyorkcoin,2.608,2.808,2.608,2.708,1.0,1606.0,2018-12-15 09:01:22 UTC,2018-12-15 09:01:22 UTC
178590,1485702000,NYC,newyorkcoin,2.508,2.808,2.508,2.608,0.0,1553.0,2018-12-15 09:01:22 UTC,2018-12-15 09:01:22 UTC
178591,1485615600,NYC,newyorkcoin,2.608,2.808,2.508,2.608,0.0,1523.0,2018-12-15 09:01:22 UTC,2018-12-15 09:01:22 UTC
178592,1485529200,NYC,newyorkcoin,2.708,2.808,2.608,2.608,1.0,1577.0,2018-12-15 09:01:22 UTC,2018-12-15 09:01:22 UTC
178593,1485442800,NYC,newyorkcoin,2.708,2.808,2.608,2.708,0.0,1583.0,2018-12-15 09:01:22 UTC,2018-12-15 09:01:22 UTC
178594,1485356400,NYC,newyorkcoin,2.608,2.808,2.508,2.708,0.0,1624.0,2018-12-15 09:01:22 UTC,2018-12-15 09:01:22 UTC
178595,1485270000,NYC,newyorkcoin,2.508,2.708,2.508,2.608,0.0,1541.0,2018-12-15 09:01:22 UTC,2018-12-15 09:01:22 UTC
178596,1485183600,NYC,newyorkcoin,2.708,2.708,2.508,2.508,2.0,1505.0,2018-12-15 09:01:22 UTC,2018-12-15 09:01:22 UTC
178597,1485097200,NYC,newyorkcoin,2.708,2.808,2.608,2.708,2.0,1606.0,2018-12-15 09:01:22 UTC,2018-12-15 09:01:22 UTC
178598,1485010800,NYC,newyorkcoin,2.808,2.808,2.608,2.808,2.0,1648.0,2018-12-15 09:01:22 UTC,2018-12-15 09:01:22 UTC
178599,1484924400,NYC,newyorkcoin,2.808,2.908,2.608,2.808,0.0,1678.0,2018-12-15 09:01:22 UTC,2018-12-15 09:01:22 UTC
178600,1484838000,NYC,newyorkcoin,2.508,2.808,2.508,2.808,1.0,1678.0,2018-12-15 09:01:22 UTC,2018-12-15 09:01:22 UTC
178601,1484751600,NYC,newyorkcoin,2.808,2.908,2.508,2.508,2.0,1517.0,2018-12-15 09:01:22 UTC,2018-12-15 09:01:22 UTC
178602,1484665200,NYC,newyorkcoin,2.608,3.408,2.508,2.808,3.0,1672.0,2018-12-15 09:01:22 UTC,2018-12-15 09:01:22 UTC
178603,1484578800,NYC,newyorkcoin,2.708,3.508,2.508,2.608,1.0,1553.0,2018-12-15 09:01:22 UTC,2018-12-15 09:01:22 UTC
178604,1484492400,NYC,newyorkcoin,2.508,3.508,2.508,2.708,2.0,1606.0,2018-12-15 09:01:22 UTC,2018-12-15 09:01:22 UTC
178605,1484406000,NYC,newyorkcoin,2.408,3.408,2.408,2.508,1.0,1475.0,2018-12-15 09:01:22 UTC,2018-12-15 09:01:22 UTC
178606,1484319600,NYC,newyorkcoin,2.508,3.508,2.408,2.408,4.0,1445.0,2018-12-15 09:01:22 UTC,2018-12-15 09:01:22 UTC
178607,1484233200,NYC,newyorkcoin,2.408,3.108,2.308,2.508,0.0,1493.0,2018-12-15 09:01:22 UTC,2018-12-15 09:01:22 UTC
178608,1484146800,NYC,newyorkcoin,2.608,2.708,2.208,2.408,6.0,1433.0,2018-12-15 09:01:22 UTC,2018-12-15 09:01:22 UTC
178609,1484060400,NYC,newyorkcoin,2.608,2.808,2.308,2.608,0.0,1571.0,2018-12-15 09:01:22 UTC,2018-12-15 09:01:22 UTC
178610,1483974000,NYC,newyorkcoin,3.208,3.608,2.608,2.608,1.0,1553.0,2018-12-15 09:01:22 UTC,2018-12-15 09:01:22 UTC
178611,1483887600,NYC,newyorkcoin,3.108,3.708,308.0,3.208,1.0,1929.0,2018-12-15 09:01:22 UTC,2018-12-15 09:01:22 UTC
178612,1483801200,NYC,newyorkcoin,3.108,3.708,3.108,3.108,1.0,1851.0,2018-12-15 09:01:22 UTC,2018-12-15 09:01:22 UTC
178613,1483714800,NYC,newyorkcoin,408.0,408.0,3.108,3.108,4.0,1845.0,2018-12-15 09:01:22 UTC,2018-12-15 09:01:22 UTC
178614,1483628400,NYC,newyorkcoin,3.408,4.108,3.308,408.0,1.0,2377.0,2018-12-15 09:01:22 UTC,2018-12-15 09:01:22 UTC
178615,1483542000,NYC,newyorkcoin,3.908,4.708,3.308,3.408,5.0,2048.0,2018-12-15 09:01:22 UTC,2018-12-15 09:01:22 UTC
178616,1483455600,NYC,newyorkcoin,4.308,4.508,3.308,3.908,6.0,2323.0,2018-12-15 09:01:22 UTC,2018-12-15 09:01:22 UTC
178617,1483369200,NYC,newyorkcoin,4.208,4.308,3.808,4.308,1.0,2574.0,2018-12-15 09:01:22 UTC,2018-12-15 09:01:22 UTC
178618,1483282800,NYC,newyorkcoin,4.108,4.408,3.708,3.908,2.0,2299.0,2018-12-15 09:01:22 UTC,2018-12-15 09:01:22 UTC
178619,1483196400,NYC,newyorkcoin,4.208,4.308,3.708,4.108,5.0,2443.0,2018-12-15 09:01:22 UTC,2018-12-15 09:01:22 UTC
178620,1483110000,NYC,newyorkcoin,4.308,4.308,3.708,4.208,5.0,2526.0,2018-12-15 09:01:22 UTC,2018-12-15 09:01:22 UTC
178621,1483023600,NYC,newyorkcoin,4.208,4.308,3.208,4.108,8.0,2437.0,2018-12-15 09:01:22 UTC,2018-12-15 09:01:22 UTC
178622,1482937200,NYC,newyorkcoin,408.0,4.208,3.208,4.108,2.0,2437.0,2018-12-15 09:01:22 UTC,2018-12-15 09:01:22 UTC
178623,1482850800,NYC,newyorkcoin,4.108,4.208,3.208,408.0,0.0,2395.0,2018-12-15 09:01:22 UTC,2018-12-15 09:01:22 UTC
178624,1482764400,NYC,newyorkcoin,4.208,4.208,3.208,4.108,0.0,2443.0,2018-12-15 09:01:22 UTC,2018-12-15 09:01:22 UTC
178625,1482678000,NYC,newyorkcoin,4.208,4.208,3.208,4.208,0.0,2502.0,2018-12-15 09:01:22 UTC,2018-12-15 09:01:22 UTC
178626,1482591600,NYC,newyorkcoin,4.108,4.208,3.208,4.108,0.0,2472.0,2018-12-15 09:01:22 UTC,2018-12-15 09:01:22 UTC
178627,1482505200,NYC,newyorkcoin,3.608,4.308,2.208,4.108,2.0,2472.0,2018-12-15 09:01:22 UTC,2018-12-15 09:01:22 UTC
178628,1482418800,NYC,newyorkcoin,3.408,3.908,1.608,3.608,8.0,2120.0,2018-12-15 09:01:22 UTC,2018-12-15 09:01:22 UTC
178629,1482332400,NYC,newyorkcoin,3.708,4.508,1.308,3.408,16.0,2019.0,2018-12-15 09:01:22 UTC,2018-12-15 09:01:22 UTC
178630,1482246000,NYC,newyorkcoin,3.108,4.108,2.908,308.0,5.0,1774.0,2018-12-15 09:01:22 UTC,2018-12-15 09:01:22 UTC
178631,1482159600,NYC,newyorkcoin,4.508,4.508,3.108,3.108,4.0,1839.0,2018-12-15 09:01:22 UTC,2018-12-15 09:01:22 UTC
178632,1482073200,NYC,newyorkcoin,3.908,4.508,3.908,4.508,2.0,2664.0,2018-12-15 09:01:22 UTC,2018-12-15 09:01:22 UTC
178633,1481986800,NYC,newyorkcoin,408.0,4.708,3.908,408.0,1.0,2371.0,2018-12-15 09:01:22 UTC,2018-12-15 09:01:22 UTC
178634,1481900400,NYC,newyorkcoin,3.908,4.608,3.908,408.0,1.0,2371.0,2018-12-15 09:01:22 UTC,2018-12-15 09:01:22 UTC
178635,1481814000,NYC,newyorkcoin,408.0,4.708,3.908,3.908,2.0,2353.0,2018-12-15 09:01:22 UTC,2018-12-15 09:01:22 UTC
178636,1481727600,NYC,newyorkcoin,3.708,4.708,3.708,408.0,3.0,2377.0,2018-12-15 09:01:22 UTC,2018-12-15 09:01:22 UTC
178637,1481641200,NYC,newyorkcoin,3.708,4.308,3.708,3.708,1.0,2228.0,2018-12-15 09:01:22 UTC,2018-12-15 09:01:22 UTC
178638,1481554800,NYC,newyorkcoin,408.0,4.408,3.708,4.308,2.0,2550.0,2018-12-15 09:01:22 UTC,2018-12-15 09:01:22 UTC
178639,1481468400,NYC,newyorkcoin,4.408,4.508,3.708,408.0,1.0,2383.0,2018-12-15 09:01:22 UTC,2018-12-15 09:01:22 UTC
178640,1481382000,NYC,newyorkcoin,3.708,4.408,3.608,4.408,2.0,2634.0,2018-12-15 09:01:22 UTC,2018-12-15 09:01:22 UTC
178641,1481295600,NYC,newyorkcoin,4.208,4.308,3.608,3.708,5.0,2192.0,2018-12-15 09:01:22 UTC,2018-12-15 09:01:22 UTC
178642,1481209200,NYC,newyorkcoin,3.908,4.208,3.608,4.208,1.0,2496.0,2018-12-15 09:01:22 UTC,2018-12-15 09:01:22 UTC
178643,1481122800,NYC,newyorkcoin,3.608,3.908,3.608,3.908,1.0,2317.0,2018-12-15 09:01:22 UTC,2018-12-15 09:01:22 UTC
178644,1481036400,NYC,newyorkcoin,3.508,4.308,3.508,3.608,4.0,2168.0,2018-12-15 09:01:22 UTC,2018-12-15 09:01:22 UTC
178645,1480950000,NYC,newyorkcoin,3.608,4.108,3.508,3.508,4.0,2096.0,2018-12-15 09:01:22 UTC,2018-12-15 09:01:22 UTC
178646,1480863600,NYC,newyorkcoin,3.608,408.0,3.508,3.608,0.0,2120.0,2018-12-15 09:01:22 UTC,2018-12-15 09:01:22 UTC
178647,1480777200,NYC,newyorkcoin,3.608,3.908,308.0,3.608,1.0,2138.0,2018-12-15 09:01:22 UTC,2018-12-15 09:01:22 UTC
178648,1480690800,NYC,newyorkcoin,3.908,4.308,3.508,3.608,2.0,2138.0,2018-12-15 09:01:22 UTC,2018-12-15 09:01:22 UTC
178649,1480604400,NYC,newyorkcoin,3.908,5.608,308.0,3.908,19.0,2323.0,2018-12-15 09:01:22 UTC,2018-12-15 09:01:22 UTC
178650,1480518000,NYC,newyorkcoin,308.0,4.808,308.0,308.0,11.0,1792.0,2018-12-15 09:01:22 UTC,2018-12-15 09:01:22 UTC
178651,1480431600,NYC,newyorkcoin,308.0,3.708,308.0,308.0,1.0,1792.0,2018-12-15 09:01:22 UTC,2018-12-15 09:01:22 UTC
178652,1480345200,NYC,newyorkcoin,3.508,3.708,308.0,308.0,1.0,1810.0,2018-12-15 09:01:22 UTC,2018-12-15 09:01:22 UTC
178653,1480258800,NYC,newyorkcoin,2.808,3.708,2.808,3.508,1.0,2078.0,2018-12-15 09:01:22 UTC,2018-12-15 09:01:22 UTC
178654,1480172400,NYC,newyorkcoin,2.808,3.708,2.808,2.808,0.0,1690.0,2018-12-15 09:01:22 UTC,2018-12-15 09:01:22 UTC
178655,1480086000,NYC,newyorkcoin,2.908,3.608,2.808,2.808,0.0,1696.0,2018-12-15 09:01:22 UTC,2018-12-15 09:01:22 UTC
178656,1479999600,NYC,newyorkcoin,3.808,4.408,2.808,2.908,10.0,1708.0,2018-12-15 09:01:22 UTC,2018-12-15 09:01:22 UTC
178657,1479913200,NYC,newyorkcoin,3.208,4.308,3.208,3.808,8.0,2275.0,2018-12-15 09:01:22 UTC,2018-12-15 09:01:22 UTC
178658,1479826800,NYC,newyorkcoin,3.408,3.608,3.208,3.308,1.0,1959.0,2018-12-15 09:01:22 UTC,2018-12-15 09:01:22 UTC
178659,1479740400,NYC,newyorkcoin,3.808,3.808,3.308,3.408,0.0,2013.0,2018-12-15 09:01:22 UTC,2018-12-15 09:01:22 UTC
178660,1479654000,NYC,newyorkcoin,3.308,3.908,3.308,3.808,15.0,2293.0,2018-12-15 09:01:22 UTC,2018-12-15 09:01:22 UTC
178661,1479567600,NYC,newyorkcoin,3.408,3.408,3.308,3.408,0.0,2001.0,2018-12-15 09:01:22 UTC,2018-12-15 09:01:22 UTC
178662,1479481200,NYC,newyorkcoin,3.408,3.408,3.308,3.408,1.0,2013.0,2018-12-15 09:01:22 UTC,2018-12-15 09:01:22 UTC
178663,1479394800,NYC,newyorkcoin,3.608,408.0,3.308,3.308,10.0,1995.0,2018-12-15 09:01:22 UTC,2018-12-15 09:01:22 UTC
178664,1479308400,NYC,newyorkcoin,3.808,4.108,3.508,3.608,2.0,2138.0,2018-12-15 09:01:22 UTC,2018-12-15 09:01:22 UTC
178665,1479222000,NYC,newyorkcoin,3.408,3.908,3.408,3.808,4.0,2269.0,2018-12-15 09:01:22 UTC,2018-12-15 09:01:22 UTC
178666,1479135600,NYC,newyorkcoin,3.408,408.0,3.408,3.408,1.0,2030.0,2018-12-15 09:01:22 UTC,2018-12-15 09:01:22 UTC
178667,1479049200,NYC,newyorkcoin,3.508,4.108,3.408,3.408,2.0,2042.0,2018-12-15 09:01:22 UTC,2018-12-15 09:01:22 UTC
178668,1478962800,NYC,newyorkcoin,3.408,3.908,3.308,3.508,1.0,2060.0,2018-12-15 09:01:22 UTC,2018-12-15 09:01:22 UTC
178669,1478876400,NYC,newyorkcoin,3.508,3.908,3.408,3.408,0.0,2013.0,2018-12-15 09:01:22 UTC,2018-12-15 09:01:22 UTC
178670,1478790000,NYC,newyorkcoin,3.508,3.508,3.408,3.508,1.0,2072.0,2018-12-15 09:01:22 UTC,2018-12-15 09:01:22 UTC
178671,1478703600,NYC,newyorkcoin,3.508,3.908,3.408,3.508,1.0,2084.0,2018-12-15 09:01:22 UTC,2018-12-15 09:01:22 UTC
178672,1478617200,NYC,newyorkcoin,3.708,4.108,3.408,3.508,1.0,2096.0,2018-12-15 09:01:22 UTC,2018-12-15 09:01:22 UTC
178673,1478530800,NYC,newyorkcoin,3.708,4.208,3.508,3.708,4.0,2186.0,2018-12-15 09:01:22 UTC,2018-12-15 09:01:22 UTC
178674,1478444400,NYC,newyorkcoin,3.408,3.908,3.408,3.708,1.0,2186.0,2018-12-15 09:01:22 UTC,2018-12-15 09:01:22 UTC
178675,1478358000,NYC,newyorkcoin,3.808,3.908,3.408,3.408,1.0,2019.0,2018-12-15 09:01:22 UTC,2018-12-15 09:01:22 UTC
178676,1478271600,NYC,newyorkcoin,3.408,4.108,3.308,3.908,1.0,2305.0,2018-12-15 09:01:22 UTC,2018-12-15 09:01:22 UTC
178677,1478185200,NYC,newyorkcoin,3.508,408.0,3.308,3.408,0.0,2001.0,2018-12-15 09:01:22 UTC,2018-12-15 09:01:22 UTC
178678,1478098800,NYC,newyorkcoin,3.508,4.108,3.308,3.508,2.0,2072.0,2018-12-15 09:01:22 UTC,2018-12-15 09:01:22 UTC
178679,1478012400,NYC,newyorkcoin,3.308,408.0,3.308,3.408,3.0,2042.0,2018-12-15 09:01:22 UTC,2018-12-15 09:01:22 UTC
178680,1477926000,NYC,newyorkcoin,3.408,408.0,3.308,3.308,2.0,1983.0,2018-12-15 09:01:22 UTC,2018-12-15 09:01:22 UTC
178681,1477839600,NYC,newyorkcoin,3.308,408.0,3.308,3.408,1.0,2036.0,2018-12-15 09:01:22 UTC,2018-12-15 09:01:22 UTC
178682,1477753200,NYC,newyorkcoin,3.408,3.408,3.308,3.408,1.0,2007.0,2018-12-15 09:01:22 UTC,2018-12-15 09:01:22 UTC
178683,1477666800,NYC,newyorkcoin,3.308,4.108,3.308,3.408,0.0,2001.0,2018-12-15 09:01:22 UTC,2018-12-15 09:01:22 UTC
178684,1477580400,NYC,newyorkcoin,3.308,408.0,3.208,3.308,1.0,1941.0,2018-12-15 09:01:22 UTC,2018-12-15 09:01:22 UTC
178685,1477494000,NYC,newyorkcoin,3.208,408.0,3.208,3.308,1.0,1947.0,2018-12-15 09:01:22 UTC,2018-12-15 09:01:22 UTC
178686,1477407600,NYC,newyorkcoin,3.308,408.0,3.208,3.208,3.0,1935.0,2018-12-15 09:01:22 UTC,2018-12-15 09:01:22 UTC
178687,1477321200,NYC,newyorkcoin,408.0,408.0,3.308,3.308,1.0,1965.0,2018-12-15 09:01:22 UTC,2018-12-15 09:01:22 UTC
178688,1477234800,NYC,newyorkcoin,3.308,408.0,3.308,408.0,1.0,2371.0,2018-12-15 09:01:22 UTC,2018-12-15 09:01:22 UTC
178689,1477148400,NYC,newyorkcoin,4.108,4.108,3.308,3.308,10.0,1983.0,2018-12-15 09:01:22 UTC,2018-12-15 09:01:22 UTC
178690,1477062000,NYC,newyorkcoin,408.0,4.808,408.0,4.108,1.0,2419.0,2018-12-15 09:01:22 UTC,2018-12-15 09:01:22 UTC
178691,1476975600,NYC,newyorkcoin,4.408,5.308,408.0,408.0,1.0,2371.0,2018-12-15 09:01:22 UTC,2018-12-15 09:01:22 UTC
178692,1476889200,NYC,newyorkcoin,5.208,5.408,4.408,4.408,1.0,2640.0,2018-12-15 09:01:22 UTC,2018-12-15 09:01:22 UTC
178693,1476802800,NYC,newyorkcoin,7.108,7.108,4.808,5.208,0.0,3129.0,2018-12-15 09:01:22 UTC,2018-12-15 09:01:22 UTC
178694,1476716400,NYC,newyorkcoin,5.608,7.108,408.0,7.108,15.0,4222.0,2018-12-15 09:01:22 UTC,2018-12-15 09:01:22 UTC
178695,1476630000,NYC,newyorkcoin,5.108,7.208,5.108,5.508,1.0,3297.0,2018-12-15 09:01:22 UTC,2018-12-15 09:01:22 UTC
178696,1476543600,NYC,newyorkcoin,4.708,808.0,4.708,5.108,1.0,3058.0,2018-12-15 09:01:22 UTC,2018-12-15 09:01:22 UTC
178697,1476457200,NYC,newyorkcoin,5.408,808.0,408.0,4.708,9.0,2819.0,2018-12-15 09:01:22 UTC,2018-12-15 09:01:22 UTC
178698,1476370800,NYC,newyorkcoin,5.808,5.808,4.308,5.408,3.0,3243.0,2018-12-15 09:01:22 UTC,2018-12-15 09:01:22 UTC
178699,1476284400,NYC,newyorkcoin,3.608,7.708,3.608,5.808,19.0,3464.0,2018-12-15 09:01:22 UTC,2018-12-15 09:01:22 UTC
178700,1476198000,NYC,newyorkcoin,3.708,408.0,3.608,3.608,2.0,2150.0,2018-12-15 09:01:23 UTC,2018-12-15 09:01:23 UTC
178701,1476111600,NYC,newyorkcoin,3.708,4.108,3.608,3.708,1.0,2204.0,2018-12-15 09:01:23 UTC,2018-12-15 09:01:23 UTC
178702,1476025200,NYC,newyorkcoin,4.108,4.208,3.608,3.708,0.0,2180.0,2018-12-15 09:01:23 UTC,2018-12-15 09:01:23 UTC
178703,1475938800,NYC,newyorkcoin,3.608,4.108,3.408,4.108,1.0,2449.0,2018-12-15 09:01:23 UTC,2018-12-15 09:01:23 UTC
178704,1475852400,NYC,newyorkcoin,3.708,4.108,3.508,3.508,1.0,2108.0,2018-12-15 09:01:23 UTC,2018-12-15 09:01:23 UTC
178705,1475766000,NYC,newyorkcoin,3.608,4.508,3.608,3.708,1.0,2180.0,2018-12-15 09:01:23 UTC,2018-12-15 09:01:23 UTC
178706,1475679600,NYC,newyorkcoin,3.508,4.708,3.308,3.608,1.0,2138.0,2018-12-15 09:01:23 UTC,2018-12-15 09:01:23 UTC
178707,1475593200,NYC,newyorkcoin,3.408,5.608,3.408,3.508,7.0,2090.0,2018-12-15 09:01:23 UTC,2018-12-15 09:01:23 UTC
178708,1475506800,NYC,newyorkcoin,3.508,408.0,3.408,3.808,1.0,2257.0,2018-12-15 09:01:23 UTC,2018-12-15 09:01:23 UTC
178709,1475420400,NYC,newyorkcoin,408.0,4.308,3.508,3.508,2.0,2096.0,2018-12-15 09:01:23 UTC,2018-12-15 09:01:23 UTC
178710,1475334000,NYC,newyorkcoin,4.608,5.108,3.808,408.0,1.0,2407.0,2018-12-15 09:01:23 UTC,2018-12-15 09:01:23 UTC
178711,1475247600,NYC,newyorkcoin,4.908,5.208,4.208,4.708,2.0,2783.0,2018-12-15 09:01:23 UTC,2018-12-15 09:01:23 UTC
178712,1475161200,NYC,newyorkcoin,4.808,4.908,3.508,4.908,2.0,2944.0,2018-12-15 09:01:23 UTC,2018-12-15 09:01:23 UTC
178713,1475074800,NYC,newyorkcoin,4.608,5.108,4.108,4.808,1.0,2890.0,2018-12-15 09:01:23 UTC,2018-12-15 09:01:23 UTC
178714,1474988400,NYC,newyorkcoin,4.608,5.508,308.0,4.608,2.0,2729.0,2018-12-15 09:01:23 UTC,2018-12-15 09:01:23 UTC
178715,1474902000,NYC,newyorkcoin,4.308,5.108,3.208,4.508,1.0,2717.0,2018-12-15 09:01:23 UTC,2018-12-15 09:01:23 UTC
178716,1474815600,NYC,newyorkcoin,4.108,608.0,3.208,4.308,2.0,2598.0,2018-12-15 09:01:23 UTC,2018-12-15 09:01:23 UTC
178717,1474729200,NYC,newyorkcoin,4.108,4.908,3.408,4.108,2.0,2437.0,2018-12-15 09:01:23 UTC,2018-12-15 09:01:23 UTC
178718,1474642800,NYC,newyorkcoin,508.0,508.0,408.0,4.108,1.0,2454.0,2018-12-15 09:01:23 UTC,2018-12-15 09:01:23 UTC
178719,1474556400,NYC,newyorkcoin,508.0,5.508,4.908,4.908,0.0,2944.0,2018-12-15 09:01:23 UTC,2018-12-15 09:01:23 UTC
178720,1474470000,NYC,newyorkcoin,4.608,5.808,4.508,508.0,1.0,2986.0,2018-12-15 09:01:23 UTC,2018-12-15 09:01:23 UTC
178721,1474383600,NYC,newyorkcoin,4.408,6.108,408.0,4.608,6.0,2759.0,2018-12-15 09:01:23 UTC,2018-12-15 09:01:23 UTC
178722,1474297200,NYC,newyorkcoin,4.408,4.508,4.408,4.408,3.0,2634.0,2018-12-15 09:01:23 UTC,2018-12-15 09:01:23 UTC
178723,1474210800,NYC,newyorkcoin,508.0,6.308,4.208,4.508,6.0,2669.0,2018-12-15 09:01:23 UTC,2018-12-15 09:01:23 UTC
178724,1474124400,NYC,newyorkcoin,508.0,5.108,4.908,5.108,1.0,3022.0,2018-12-15 09:01:23 UTC,2018-12-15 09:01:23 UTC
178725,1474038000,NYC,newyorkcoin,5.208,5.308,508.0,508.0,2.0,2974.0,2018-12-15 09:01:23 UTC,2018-12-15 09:01:23 UTC
178726,1473951600,NYC,newyorkcoin,5.808,6.908,4.808,5.308,3.0,3153.0,2018-12-15 09:01:23 UTC,2018-12-15 09:01:23 UTC
178727,1473865200,NYC,newyorkcoin,5.708,5.908,5.608,5.808,7.0,3482.0,2018-12-15 09:01:23 UTC,2018-12-15 09:01:23 UTC
178728,1473778800,NYC,newyorkcoin,5.708,6.608,5.608,5.608,1.0,3362.0,2018-12-15 09:01:23 UTC,2018-12-15 09:01:23 UTC
178729,1473692400,NYC,newyorkcoin,5.608,5.708,5.608,5.608,1.0,3374.0,2018-12-15 09:01:23 UTC,2018-12-15 09:01:23 UTC
178730,1473606000,NYC,newyorkcoin,5.608,6.108,5.608,5.608,2.0,3374.0,2018-12-15 09:01:23 UTC,2018-12-15 09:01:23 UTC
178731,1473519600,NYC,newyorkcoin,5.708,6.408,5.608,5.608,1.0,3374.0,2018-12-15 09:01:23 UTC,2018-12-15 09:01:23 UTC
178732,1473433200,NYC,newyorkcoin,608.0,6.808,5.708,5.708,3.0,3392.0,2018-12-15 09:01:23 UTC,2018-12-15 09:01:23 UTC
178733,1473346800,NYC,newyorkcoin,608.0,608.0,5.908,608.0,2.0,3577.0,2018-12-15 09:01:23 UTC,2018-12-15 09:01:23 UTC
178734,1473260400,NYC,newyorkcoin,6.308,6.408,5.908,5.908,2.0,3535.0,2018-12-15 09:01:23 UTC,2018-12-15 09:01:23 UTC
178735,1473174000,NYC,newyorkcoin,6.308,6.408,6.208,6.308,2.0,3756.0,2018-12-15 09:01:23 UTC,2018-12-15 09:01:23 UTC
178736,1473087600,NYC,newyorkcoin,6.208,6.308,6.108,6.308,1.0,3738.0,2018-12-15 09:01:23 UTC,2018-12-15 09:01:23 UTC
178737,1473001200,NYC,newyorkcoin,6.108,7.208,6.108,6.108,1.0,3667.0,2018-12-15 09:01:23 UTC,2018-12-15 09:01:23 UTC
178738,1472914800,NYC,newyorkcoin,8.508,8.508,6.108,6.108,8.0,3655.0,2018-12-15 09:01:23 UTC,2018-12-15 09:01:23 UTC
178739,1472828400,NYC,newyorkcoin,9.608,9.708,8.408,8.508,1.0,5076.0,2018-12-15 09:01:23 UTC,2018-12-15 09:01:23 UTC
178740,1472742000,NYC,newyorkcoin,8.308,9.708,8.308,9.608,0.0,5751.0,2018-12-15 09:01:23 UTC,2018-12-15 09:01:23 UTC
178741,1472655600,NYC,newyorkcoin,8.708,8.908,8.308,8.308,3.0,4987.0,2018-12-15 09:01:23 UTC,2018-12-15 09:01:23 UTC
178742,1472569200,NYC,newyorkcoin,8.608,8.708,8.608,8.708,1.0,5190.0,2018-12-15 09:01:23 UTC,2018-12-15 09:01:23 UTC
178743,1472482800,NYC,newyorkcoin,8.208,107.0,8.108,8.608,2.0,5154.0,2018-12-15 09:01:23 UTC,2018-12-15 09:01:23 UTC
178744,1472396400,NYC,newyorkcoin,8.308,8.408,808.0,8.208,1.0,4909.0,2018-12-15 09:01:23 UTC,2018-12-15 09:01:23 UTC
178745,1472310000,NYC,newyorkcoin,808.0,1.107,7.808,8.408,2.0,5005.0,2018-12-15 09:01:23 UTC,2018-12-15 09:01:23 UTC
178746,1472223600,NYC,newyorkcoin,7.708,1.107,7.508,7.908,3.0,4748.0,2018-12-15 09:01:23 UTC,2018-12-15 09:01:23 UTC
178747,1472137200,NYC,newyorkcoin,7.308,7.708,7.308,7.708,1.0,4569.0,2018-12-15 09:01:23 UTC,2018-12-15 09:01:23 UTC
178748,1472050800,NYC,newyorkcoin,1.807,1.907,5.508,7.308,6.0,4389.0,2018-12-15 09:01:23 UTC,2018-12-15 09:01:23 UTC
178749,1471964400,NYC,newyorkcoin,5.408,1.907,5.408,1.807,69.0,11030.0,2018-12-15 09:01:23 UTC,2018-12-15 09:01:23 UTC
178750,1471878000,NYC,newyorkcoin,508.0,6.708,4.908,5.408,1.0,3255.0,2018-12-15 09:01:23 UTC,2018-12-15 09:01:23 UTC
178751,1471791600,NYC,newyorkcoin,5.108,6.508,4.808,508.0,2.0,3004.0,2018-12-15 09:01:23 UTC,2018-12-15 09:01:23 UTC
178752,1471705200,NYC,newyorkcoin,7.108,7.108,4.908,5.108,0.0,3040.0,2018-12-15 09:01:23 UTC,2018-12-15 09:01:23 UTC
178753,1471618800,NYC,newyorkcoin,3.508,7.108,3.508,7.108,8.0,4234.0,2018-12-15 09:01:23 UTC,2018-12-15 09:01:23 UTC
178754,1471532400,NYC,newyorkcoin,3.408,6.808,3.308,3.508,0.0,2084.0,2018-12-15 09:01:23 UTC,2018-12-15 09:01:23 UTC
178755,1471446000,NYC,newyorkcoin,4.408,6.908,3.408,3.408,1.0,2048.0,2018-12-15 09:01:23 UTC,2018-12-15 09:01:23 UTC
178756,1471359600,NYC,newyorkcoin,7.308,7.308,4.408,4.408,0.0,2652.0,2018-12-15 09:01:23 UTC,2018-12-15 09:01:23 UTC
178757,1471273200,NYC,newyorkcoin,608.0,7.308,4.308,7.208,2.0,4300.0,2018-12-15 09:01:23 UTC,2018-12-15 09:01:23 UTC
178758,1471186800,NYC,newyorkcoin,6.708,6.708,608.0,5.908,3.0,3553.0,2018-12-15 09:01:23 UTC,2018-12-15 09:01:23 UTC
178759,1471100400,NYC,newyorkcoin,6.508,6.808,6.408,6.608,3.0,3942.0,2018-12-15 09:01:23 UTC,2018-12-15 09:01:23 UTC
178760,1471014000,NYC,newyorkcoin,6.508,6.608,6.408,6.508,1.0,3864.0,2018-12-15 09:01:23 UTC,2018-12-15 09:01:23 UTC
178761,1470927600,NYC,newyorkcoin,7.308,7.308,6.408,6.508,0.0,3864.0,2018-12-15 09:01:23 UTC,2018-12-15 09:01:23 UTC
178762,1470841200,NYC,newyorkcoin,7.508,7.508,6.508,7.208,1.0,4288.0,2018-12-15 09:01:23 UTC,2018-12-15 09:01:23 UTC
178763,1470754800,NYC,newyorkcoin,7.208,7.608,6.608,7.408,2.0,4413.0,2018-12-15 09:01:23 UTC,2018-12-15 09:01:23 UTC
178764,1470668400,NYC,newyorkcoin,6.508,7.208,6.408,7.108,0.0,4222.0,2018-12-15 09:01:23 UTC,2018-12-15 09:01:23 UTC
178765,1470582000,NYC,newyorkcoin,7.308,7.308,6.508,6.608,0.0,3959.0,2018-12-15 09:01:23 UTC,2018-12-15 09:01:23 UTC
178766,1470495600,NYC,newyorkcoin,6.408,7.608,6.208,7.408,1.0,4407.0,2018-12-15 09:01:23 UTC,2018-12-15 09:01:23 UTC
178767,1470409200,NYC,newyorkcoin,6.308,708.0,6.108,6.408,0.0,3798.0,2018-12-15 09:01:23 UTC,2018-12-15 09:01:23 UTC
178768,1470322800,NYC,newyorkcoin,5.808,6.508,5.708,6.308,9.0,3768.0,2018-12-15 09:01:23 UTC,2018-12-15 09:01:23 UTC
178769,1470236400,NYC,newyorkcoin,5.708,6.408,5.708,5.808,0.0,3458.0,2018-12-15 09:01:23 UTC,2018-12-15 09:01:23 UTC
178770,1470150000,NYC,newyorkcoin,6.108,6.908,5.708,5.808,5.0,3452.0,2018-12-15 09:01:23 UTC,2018-12-15 09:01:23 UTC
178771,1470063600,NYC,newyorkcoin,608.0,7.208,5.908,608.0,8.0,3565.0,2018-12-15 09:01:23 UTC,2018-12-15 09:01:23 UTC
178772,1469977200,NYC,newyorkcoin,7.108,7.608,4.508,608.0,3.0,3595.0,2018-12-15 09:01:23 UTC,2018-12-15 09:01:23 UTC
178773,1469890800,NYC,newyorkcoin,6.708,6.708,4.608,4.608,1.0,2765.0,2018-12-15 09:01:23 UTC,2018-12-15 09:01:23 UTC
178774,1469804400,NYC,newyorkcoin,4.808,6.708,4.708,6.708,2.0,3989.0,2018-12-15 09:01:23 UTC,2018-12-15 09:01:23 UTC
178775,1469718000,NYC,newyorkcoin,6.208,9.108,4.708,4.808,7.0,2849.0,2018-12-15 09:01:23 UTC,2018-12-15 09:01:23 UTC
178776,1469631600,NYC,newyorkcoin,4.908,6.408,4.708,6.208,0.0,3691.0,2018-12-15 09:01:23 UTC,2018-12-15 09:01:23 UTC
178777,1469545200,NYC,newyorkcoin,4.808,8.908,4.708,508.0,4.0,2968.0,2018-12-15 09:01:23 UTC,2018-12-15 09:01:23 UTC
178778,1469458800,NYC,newyorkcoin,5.108,7.708,3.808,4.808,0.0,2861.0,2018-12-15 09:01:23 UTC,2018-12-15 09:01:23 UTC
178779,1469372400,NYC,newyorkcoin,9.108,9.208,5.108,5.108,7.0,3076.0,2018-12-15 09:01:23 UTC,2018-12-15 09:01:23 UTC
178780,1469286000,NYC,newyorkcoin,3.208,9.208,3.108,9.208,7.0,5500.0,2018-12-15 09:01:23 UTC,2018-12-15 09:01:23 UTC
178781,1469199600,NYC,newyorkcoin,3.308,6.908,2.808,3.108,1.0,1875.0,2018-12-15 09:01:23 UTC,2018-12-15 09:01:23 UTC
178782,1469113200,NYC,newyorkcoin,608.0,7.208,2.808,3.308,0.0,1983.0,2018-12-15 09:01:23 UTC,2018-12-15 09:01:23 UTC
178783,1469026800,NYC,newyorkcoin,5.608,8.808,2.608,5.908,6.0,3541.0,2018-12-15 09:01:23 UTC,2018-12-15 09:01:23 UTC
178784,1468940400,NYC,newyorkcoin,4.208,5.608,2.708,5.608,1.0,3338.0,2018-12-15 09:01:23 UTC,2018-12-15 09:01:23 UTC
178785,1468854000,NYC,newyorkcoin,2.508,4.908,2.508,4.208,2.0,2484.0,2018-12-15 09:01:23 UTC,2018-12-15 09:01:23 UTC
178786,1468767600,NYC,newyorkcoin,6.308,6.308,2.508,2.508,1.0,1505.0,2018-12-15 09:01:23 UTC,2018-12-15 09:01:23 UTC
178787,1468681200,NYC,newyorkcoin,3.908,6.308,2.308,6.308,0.0,3768.0,2018-12-15 09:01:23 UTC,2018-12-15 09:01:23 UTC
178788,1468594800,NYC,newyorkcoin,6.508,6.608,1.608,3.908,0.0,2347.0,2018-12-15 09:01:23 UTC,2018-12-15 09:01:23 UTC
178789,1468508400,NYC,newyorkcoin,7.308,7.408,1.608,6.608,1.0,3924.0,2018-12-15 09:01:23 UTC,2018-12-15 09:01:23 UTC
178790,1468422000,NYC,newyorkcoin,2.608,7.408,2.608,7.308,0.0,4377.0,2018-12-15 09:01:23 UTC,2018-12-15 09:01:23 UTC
178791,1468335600,NYC,newyorkcoin,2.608,7.408,1.608,2.608,0.0,1565.0,2018-12-15 09:01:23 UTC,2018-12-15 09:01:23 UTC
178792,1468249200,NYC,newyorkcoin,1.508,308.0,1.508,2.708,1.0,1583.0,2018-12-15 09:01:23 UTC,2018-12-15 09:01:23 UTC
178793,1468162800,NYC,newyorkcoin,1.508,3.408,1.508,1.508,0.0,884.0,2018-12-15 09:01:23 UTC,2018-12-15 09:01:23 UTC
178794,1468076400,NYC,newyorkcoin,1.508,7.508,1.508,1.508,0.0,902.0,2018-12-15 09:01:23 UTC,2018-12-15 09:01:23 UTC
178795,1467990000,NYC,newyorkcoin,1.508,2.508,1.508,1.508,0.0,896.0,2018-12-15 09:01:23 UTC,2018-12-15 09:01:23 UTC
178796,1467903600,NYC,newyorkcoin,6.908,8.708,1.408,1.508,16.0,908.0,2018-12-15 09:01:23 UTC,2018-12-15 09:01:23 UTC
178797,1467817200,NYC,newyorkcoin,7.108,7.108,6.708,6.908,3.0,4097.0,2018-12-15 09:01:23 UTC,2018-12-15 09:01:23 UTC
178798,1467730800,NYC,newyorkcoin,7.208,8.208,708.0,7.108,3.0,4234.0,2018-12-15 09:01:23 UTC,2018-12-15 09:01:23 UTC
178799,1467644400,NYC,newyorkcoin,7.208,8.908,7.108,7.208,3.0,4288.0,2018-12-15 09:01:23 UTC,2018-12-15 09:01:23 UTC
178800,1467558000,NYC,newyorkcoin,7.108,7.308,708.0,7.208,0.0,4318.0,2018-12-15 09:01:23 UTC,2018-12-15 09:01:23 UTC
178801,1467471600,NYC,newyorkcoin,7.608,9.408,6.908,7.108,3.0,4210.0,2018-12-15 09:01:23 UTC,2018-12-15 09:01:23 UTC
178802,1467385200,NYC,newyorkcoin,7.508,7.708,7.508,7.708,3.0,4575.0,2018-12-15 09:01:23 UTC,2018-12-15 09:01:23 UTC
178803,1467298800,NYC,newyorkcoin,1.207,1.207,7.408,7.508,1.0,4509.0,2018-12-15 09:01:23 UTC,2018-12-15 09:01:23 UTC
178804,1467212400,NYC,newyorkcoin,7.408,1.207,7.308,1.207,1.0,6945.0,2018-12-15 09:01:23 UTC,2018-12-15 09:01:23 UTC
178805,1467126000,NYC,newyorkcoin,1.107,1.107,7.208,7.408,1.0,4419.0,2018-12-15 09:01:23 UTC,2018-12-15 09:01:23 UTC
178806,1467039600,NYC,newyorkcoin,107.0,1.107,107.0,1.107,0.0,6474.0,2018-12-15 09:01:23 UTC,2018-12-15 09:01:23 UTC
178807,1466953200,NYC,newyorkcoin,1.107,1.207,107.0,107.0,5.0,6193.0,2018-12-15 09:01:23 UTC,2018-12-15 09:01:23 UTC
178808,1466866800,NYC,newyorkcoin,1.107,1.207,1.107,1.107,0.0,6820.0,2018-12-15 09:01:23 UTC,2018-12-15 09:01:23 UTC
178809,1466780400,NYC,newyorkcoin,1.207,1.207,107.0,1.107,7.0,6796.0,2018-12-15 09:01:23 UTC,2018-12-15 09:01:23 UTC
178810,1466694000,NYC,newyorkcoin,1.207,1.207,107.0,1.207,18.0,6933.0,2018-12-15 09:01:23 UTC,2018-12-15 09:01:23 UTC
178811,1466607600,NYC,newyorkcoin,1.107,1.207,107.0,1.207,0.0,6904.0,2018-12-15 09:01:23 UTC,2018-12-15 09:01:23 UTC
178812,1466521200,NYC,newyorkcoin,1.307,1.307,1.107,1.107,0.0,6533.0,2018-12-15 09:01:23 UTC,2018-12-15 09:01:23 UTC
178813,1466434800,NYC,newyorkcoin,1.407,1.407,1.107,1.307,1.0,7704.0,2018-12-15 09:01:23 UTC,2018-12-15 09:01:23 UTC
178814,1466348400,NYC,newyorkcoin,1.407,1.507,1.307,1.407,1.0,8200.0,2018-12-15 09:01:23 UTC,2018-12-15 09:01:23 UTC
178815,1466262000,NYC,newyorkcoin,1.207,1.407,1.207,1.407,6.0,8576.0,2018-12-15 09:01:23 UTC,2018-12-15 09:01:23 UTC
178816,1466175600,NYC,newyorkcoin,1.207,1.307,1.207,1.207,6.0,7405.0,2018-12-15 09:01:23 UTC,2018-12-15 09:01:23 UTC
178817,1466089200,NYC,newyorkcoin,1.407,1.507,1.207,1.207,1.0,7322.0,2018-12-15 09:01:23 UTC,2018-12-15 09:01:23 UTC
178818,1466002800,NYC,newyorkcoin,1.307,1.407,1.207,1.407,1.0,8552.0,2018-12-15 09:01:23 UTC,2018-12-15 09:01:23 UTC
178819,1465916400,NYC,newyorkcoin,1.307,1.407,1.207,1.307,15.0,8020.0,2018-12-15 09:01:23 UTC,2018-12-15 09:01:23 UTC
178820,1465830000,NYC,newyorkcoin,1.407,1.607,1.307,1.307,3.0,8038.0,2018-12-15 09:01:23 UTC,2018-12-15 09:01:23 UTC
178821,1465743600,NYC,newyorkcoin,1.307,1.407,1.207,1.407,0.0,8158.0,2018-12-15 09:01:23 UTC,2018-12-15 09:01:23 UTC
178822,1465657200,NYC,newyorkcoin,1.207,1.307,1.107,1.307,5.0,7578.0,2018-12-15 09:01:23 UTC,2018-12-15 09:01:23 UTC
178823,1465570800,NYC,newyorkcoin,1.207,1.207,1.107,1.207,2.0,7089.0,2018-12-15 09:01:23 UTC,2018-12-15 09:01:23 UTC
178824,1465484400,NYC,newyorkcoin,1.207,1.307,1.107,1.207,0.0,7148.0,2018-12-15 09:01:23 UTC,2018-12-15 09:01:23 UTC
178825,1465398000,NYC,newyorkcoin,1.207,1.307,1.107,1.207,4.0,7286.0,2018-12-15 09:01:23 UTC,2018-12-15 09:01:23 UTC
178826,1465311600,NYC,newyorkcoin,107.0,1.207,107.0,1.207,1.0,7035.0,2018-12-15 09:01:23 UTC,2018-12-15 09:01:23 UTC
178827,1465225200,NYC,newyorkcoin,1.107,1.207,9.608,107.0,3.0,6079.0,2018-12-15 09:01:23 UTC,2018-12-15 09:01:23 UTC
178828,1465138800,NYC,newyorkcoin,908.0,1.107,908.0,1.107,9.0,6748.0,2018-12-15 09:01:23 UTC,2018-12-15 09:01:23 UTC
178829,1465052400,NYC,newyorkcoin,908.0,9.608,8.908,908.0,8.0,5387.0,2018-12-15 09:01:23 UTC,2018-12-15 09:01:23 UTC
178830,1464966000,NYC,newyorkcoin,9.108,9.708,8.908,908.0,4.0,5387.0,2018-12-15 09:01:23 UTC,2018-12-15 09:01:23 UTC
178831,1464879600,NYC,newyorkcoin,9.708,107.0,8.808,9.108,6.0,5417.0,2018-12-15 09:01:23 UTC,2018-12-15 09:01:23 UTC
178832,1464793200,NYC,newyorkcoin,107.0,107.0,8.508,9.708,11.0,5775.0,2018-12-15 09:01:23 UTC,2018-12-15 09:01:23 UTC
178833,1464706800,NYC,newyorkcoin,1.107,1.107,8.308,107.0,12.0,6133.0,2018-12-15 09:01:23 UTC,2018-12-15 09:01:23 UTC
178834,1464620400,NYC,newyorkcoin,8.408,1.107,5.908,1.107,14.0,6629.0,2018-12-15 09:01:23 UTC,2018-12-15 09:01:23 UTC
178835,1464534000,NYC,newyorkcoin,9.208,9.408,5.908,8.408,10.0,5022.0,2018-12-15 09:01:23 UTC,2018-12-15 09:01:23 UTC
178836,1464447600,NYC,newyorkcoin,1.207,1.207,8.208,9.208,9.0,5488.0,2018-12-15 09:01:23 UTC,2018-12-15 09:01:23 UTC
178837,1464361200,NYC,newyorkcoin,1.207,1.207,808.0,1.207,3.0,6928.0,2018-12-15 09:01:23 UTC,2018-12-15 09:01:23 UTC
178838,1464274800,NYC,newyorkcoin,1.207,1.207,7.708,1.207,22.0,7113.0,2018-12-15 09:01:23 UTC,2018-12-15 09:01:23 UTC
178839,1464188400,NYC,newyorkcoin,1.107,1.207,9.608,1.207,2.0,7083.0,2018-12-15 09:01:23 UTC,2018-12-15 09:01:23 UTC
178840,1464102000,NYC,newyorkcoin,9.608,1.107,9.508,1.107,7.0,6557.0,2018-12-15 09:01:23 UTC,2018-12-15 09:01:23 UTC
178841,1464015600,NYC,newyorkcoin,9.708,1.107,9.608,9.608,4.0,5757.0,2018-12-15 09:01:23 UTC,2018-12-15 09:01:23 UTC
178842,1463929200,NYC,newyorkcoin,1.207,1.207,808.0,9.708,10.0,5781.0,2018-12-15 09:01:23 UTC,2018-12-15 09:01:23 UTC
178843,1463842800,NYC,newyorkcoin,1.207,1.207,808.0,1.207,4.0,7196.0,2018-12-15 09:01:23 UTC,2018-12-15 09:01:23 UTC
178844,1463756400,NYC,newyorkcoin,8.208,1.207,8.108,1.207,3.0,7298.0,2018-12-15 09:01:23 UTC,2018-12-15 09:01:23 UTC
178845,1463670000,NYC,newyorkcoin,9.808,1.107,808.0,8.208,1.0,4897.0,2018-12-15 09:01:23 UTC,2018-12-15 09:01:23 UTC
178846,1463583600,NYC,newyorkcoin,107.0,1.207,7.408,9.908,7.0,5912.0,2018-12-15 09:01:23 UTC,2018-12-15 09:01:23 UTC
178847,1463497200,NYC,newyorkcoin,7.908,107.0,5.608,107.0,12.0,6145.0,2018-12-15 09:01:23 UTC,2018-12-15 09:01:23 UTC
178848,1463410800,NYC,newyorkcoin,7.508,8.808,5.608,7.908,3.0,4724.0,2018-12-15 09:01:23 UTC,2018-12-15 09:01:23 UTC
178849,1463324400,NYC,newyorkcoin,8.508,9.308,5.608,7.508,2.0,4509.0,2018-12-15 09:01:23 UTC,2018-12-15 09:01:23 UTC
178850,1463238000,NYC,newyorkcoin,7.208,8.608,5.708,8.508,2.0,5100.0,2018-12-15 09:01:23 UTC,2018-12-15 09:01:23 UTC
178851,1463151600,NYC,newyorkcoin,6.808,8.708,5.708,7.208,3.0,4282.0,2018-12-15 09:01:23 UTC,2018-12-15 09:01:23 UTC
178852,1463065200,NYC,newyorkcoin,9.208,9.708,5.908,6.808,5.0,4085.0,2018-12-15 09:01:23 UTC,2018-12-15 09:01:23 UTC
178853,1462978800,NYC,newyorkcoin,5.608,9.408,5.608,9.208,1.0,5482.0,2018-12-15 09:01:23 UTC,2018-12-15 09:01:23 UTC
178854,1462892400,NYC,newyorkcoin,508.0,9.408,5.108,5.608,5.0,3344.0,2018-12-15 09:01:23 UTC,2018-12-15 09:01:23 UTC
178855,1462806000,NYC,newyorkcoin,7.308,7.608,5.108,7.508,2.0,4461.0,2018-12-15 09:01:23 UTC,2018-12-15 09:01:23 UTC
178856,1462719600,NYC,newyorkcoin,7.308,7.408,3.408,7.408,3.0,4401.0,2018-12-15 09:01:23 UTC,2018-12-15 09:01:23 UTC
178857,1462633200,NYC,newyorkcoin,6.908,7.608,6.208,7.308,3.0,4377.0,2018-12-15 09:01:23 UTC,2018-12-15 09:01:23 UTC
178858,1462546800,NYC,newyorkcoin,7.408,8.108,6.908,7.608,4.0,4521.0,2018-12-15 09:01:23 UTC,2018-12-15 09:01:23 UTC
178859,1462460400,NYC,newyorkcoin,7.708,8.308,708.0,7.408,4.0,4437.0,2018-12-15 09:01:23 UTC,2018-12-15 09:01:23 UTC
178860,1462374000,NYC,newyorkcoin,8.308,8.608,6.808,7.708,2.0,4592.0,2018-12-15 09:01:23 UTC,2018-12-15 09:01:23 UTC
178861,1462287600,NYC,newyorkcoin,8.608,908.0,708.0,8.308,3.0,4975.0,2018-12-15 09:01:23 UTC,2018-12-15 09:01:23 UTC
178862,1462201200,NYC,newyorkcoin,7.308,9.108,6.808,8.608,4.0,5160.0,2018-12-15 09:01:23 UTC,2018-12-15 09:01:23 UTC
178863,1462114800,NYC,newyorkcoin,8.808,8.908,7.108,7.608,4.0,4539.0,2018-12-15 09:01:23 UTC,2018-12-15 09:01:23 UTC
178864,1462028400,NYC,newyorkcoin,9.508,9.808,7.608,8.808,2.0,5261.0,2018-12-15 09:01:23 UTC,2018-12-15 09:01:23 UTC
178865,1461942000,NYC,newyorkcoin,9.508,9.908,8.308,9.408,2.0,5638.0,2018-12-15 09:01:23 UTC,2018-12-15 09:01:23 UTC
178866,1461855600,NYC,newyorkcoin,9.108,107.0,8.408,9.508,3.0,5673.0,2018-12-15 09:01:23 UTC,2018-12-15 09:01:23 UTC
178867,1461769200,NYC,newyorkcoin,9.608,107.0,908.0,9.108,2.0,5435.0,2018-12-15 09:01:23 UTC,2018-12-15 09:01:23 UTC
178868,1461682800,NYC,newyorkcoin,1.107,1.107,9.608,9.608,3.0,5739.0,2018-12-15 09:01:23 UTC,2018-12-15 09:01:23 UTC
178869,1461596400,NYC,newyorkcoin,1.107,1.107,9.908,1.107,1.0,6456.0,2018-12-15 09:01:23 UTC,2018-12-15 09:01:23 UTC
178870,1461510000,NYC,newyorkcoin,9.108,1.207,8.808,1.107,5.0,6515.0,2018-12-15 09:01:23 UTC,2018-12-15 09:01:23 UTC
178871,1461423600,NYC,newyorkcoin,9.608,9.808,908.0,9.108,4.0,5411.0,2018-12-15 09:01:23 UTC,2018-12-15 09:01:23 UTC
178872,1461337200,NYC,newyorkcoin,107.0,1.107,9.608,9.608,2.0,5739.0,2018-12-15 09:01:23 UTC,2018-12-15 09:01:23 UTC
178873,1461250800,NYC,newyorkcoin,9.508,107.0,9.408,107.0,1.0,6139.0,2018-12-15 09:01:23 UTC,2018-12-15 09:01:23 UTC
178874,1461164400,NYC,newyorkcoin,107.0,107.0,9.508,9.508,3.0,5703.0,2018-12-15 09:01:23 UTC,2018-12-15 09:01:23 UTC
178875,1461078000,NYC,newyorkcoin,1.107,1.207,9.408,107.0,3.0,6211.0,2018-12-15 09:01:23 UTC,2018-12-15 09:01:23 UTC
178876,1460991600,NYC,newyorkcoin,9.508,1.207,9.308,1.107,7.0,6396.0,2018-12-15 09:01:23 UTC,2018-12-15 09:01:23 UTC
178877,1460905200,NYC,newyorkcoin,9.508,9.808,9.308,9.508,1.0,5655.0,2018-12-15 09:01:23 UTC,2018-12-15 09:01:23 UTC
178878,1460818800,NYC,newyorkcoin,1.107,1.307,9.508,9.508,3.0,5703.0,2018-12-15 09:01:23 UTC,2018-12-15 09:01:23 UTC
178879,1460732400,NYC,newyorkcoin,1.107,1.307,1.107,1.107,0.0,6318.0,2018-12-15 09:01:23 UTC,2018-12-15 09:01:23 UTC
178880,1460646000,NYC,newyorkcoin,1.207,1.307,107.0,1.107,2.0,6384.0,2018-12-15 09:01:23 UTC,2018-12-15 09:01:23 UTC
178881,1460559600,NYC,newyorkcoin,1.207,1.307,1.207,1.107,2.0,6868.0,2018-12-15 09:01:23 UTC,2018-12-15 09:01:23 UTC
178882,1460473200,NYC,newyorkcoin,1.207,1.407,1.207,1.207,1.0,7280.0,2018-12-15 09:01:23 UTC,2018-12-15 09:01:23 UTC
178883,1460386800,NYC,newyorkcoin,1.107,1.407,1.107,1.207,1.0,7393.0,2018-12-15 09:01:23 UTC,2018-12-15 09:01:23 UTC
178884,1460300400,NYC,newyorkcoin,1.407,1.407,9.308,1.107,1.0,6653.0,2018-12-15 09:01:23 UTC,2018-12-15 09:01:23 UTC
178885,1460214000,NYC,newyorkcoin,1.307,1.407,9.308,1.407,4.0,8534.0,2018-12-15 09:01:23 UTC,2018-12-15 09:01:23 UTC
178886,1460127600,NYC,newyorkcoin,9.708,1.307,9.608,1.307,8.0,7686.0,2018-12-15 09:01:23 UTC,2018-12-15 09:01:23 UTC
178887,1460041200,NYC,newyorkcoin,107.0,1.107,7.608,1.107,2.0,6545.0,2018-12-15 09:01:23 UTC,2018-12-15 09:01:23 UTC
178888,1459954800,NYC,newyorkcoin,9.108,1.107,7.708,107.0,2.0,6068.0,2018-12-15 09:01:23 UTC,2018-12-15 09:01:23 UTC
178889,1459868400,NYC,newyorkcoin,7.408,107.0,6.708,9.108,2.0,5429.0,2018-12-15 09:01:23 UTC,2018-12-15 09:01:23 UTC
178890,1459782000,NYC,newyorkcoin,7.608,9.908,6.508,7.308,10.0,4371.0,2018-12-15 09:01:23 UTC,2018-12-15 09:01:23 UTC
178891,1459695600,NYC,newyorkcoin,8.108,9.508,6.508,7.608,8.0,4539.0,2018-12-15 09:01:23 UTC,2018-12-15 09:01:23 UTC
178892,1459609200,NYC,newyorkcoin,9.208,107.0,6.308,8.108,32.0,4813.0,2018-12-15 09:01:23 UTC,2018-12-15 09:01:23 UTC
178893,1459522800,NYC,newyorkcoin,9.908,1.107,7.608,9.208,6.0,5512.0,2018-12-15 09:01:23 UTC,2018-12-15 09:01:23 UTC
178894,1459436400,NYC,newyorkcoin,6.208,1.107,6.208,9.908,10.0,5894.0,2018-12-15 09:01:23 UTC,2018-12-15 09:01:23 UTC
178895,1459350000,NYC,newyorkcoin,6.708,1.107,6.208,6.208,28.0,3732.0,2018-12-15 09:01:23 UTC,2018-12-15 09:01:23 UTC
178896,1459263600,NYC,newyorkcoin,9.108,1.307,5.808,6.708,9.0,4007.0,2018-12-15 09:01:23 UTC,2018-12-15 09:01:23 UTC
178897,1459177200,NYC,newyorkcoin,1.307,1.407,8.708,908.0,4.0,5369.0,2018-12-15 09:01:23 UTC,2018-12-15 09:01:23 UTC
178898,1459090800,NYC,newyorkcoin,1.307,1.407,9.708,1.307,18.0,7531.0,2018-12-15 09:01:23 UTC,2018-12-15 09:01:23 UTC
178899,1459004400,NYC,newyorkcoin,1.307,1.507,1.207,1.307,11.0,7602.0,2018-12-15 09:01:23 UTC,2018-12-15 09:01:23 UTC
178900,1458918000,NYC,newyorkcoin,1.607,1.607,9.708,1.307,9.0,7692.0,2018-12-15 09:01:23 UTC,2018-12-15 09:01:23 UTC
178901,1458831600,NYC,newyorkcoin,1.207,1.607,107.0,1.607,4.0,9627.0,2018-12-15 09:01:23 UTC,2018-12-15 09:01:23 UTC
178902,1458745200,NYC,newyorkcoin,1.307,1.607,1.207,1.207,10.0,7202.0,2018-12-15 09:01:23 UTC,2018-12-15 09:01:23 UTC
178903,1458658800,NYC,newyorkcoin,9.808,1.307,9.708,1.307,15.0,7746.0,2018-12-15 09:01:23 UTC,2018-12-15 09:01:23 UTC
178904,1458572400,NYC,newyorkcoin,1.307,1.507,9.708,9.808,43.0,5859.0,2018-12-15 09:01:23 UTC,2018-12-15 09:01:23 UTC
178905,1458486000,NYC,newyorkcoin,1.607,1.607,1.307,1.307,0.0,7644.0,2018-12-15 09:01:23 UTC,2018-12-15 09:01:23 UTC
178906,1458399600,NYC,newyorkcoin,1.607,1.607,1.607,1.607,0.0,9639.0,2018-12-15 09:01:23 UTC,2018-12-15 09:01:23 UTC
178907,1458313200,NYC,newyorkcoin,1.507,1.607,1.207,1.607,1.0,9489.0,2018-12-15 09:01:23 UTC,2018-12-15 09:01:23 UTC
178908,1458226800,NYC,newyorkcoin,1.307,1.607,107.0,1.507,10.0,8976.0,2018-12-15 09:01:23 UTC,2018-12-15 09:01:23 UTC
178909,1458140400,NYC,newyorkcoin,1.407,2.107,1.307,1.307,9.0,7937.0,2018-12-15 09:01:23 UTC,2018-12-15 09:01:23 UTC
178910,1458054000,NYC,newyorkcoin,1.207,2.207,9.908,1.407,176.0,8128.0,2018-12-15 09:01:23 UTC,2018-12-15 09:01:23 UTC
178911,1457967600,NYC,newyorkcoin,9.908,1.307,9.808,9.908,3.0,5924.0,2018-12-15 09:01:23 UTC,2018-12-15 09:01:23 UTC
178912,1457881200,NYC,newyorkcoin,9.908,1.307,9.908,9.908,44.0,5918.0,2018-12-15 09:01:23 UTC,2018-12-15 09:01:23 UTC
178913,1457794800,NYC,newyorkcoin,9.908,1.307,9.908,9.908,11.0,5936.0,2018-12-15 09:01:23 UTC,2018-12-15 09:01:23 UTC
178914,1457708400,NYC,newyorkcoin,107.0,107.0,9.808,9.908,2.0,5888.0,2018-12-15 09:01:23 UTC,2018-12-15 09:01:23 UTC
178915,1457622000,NYC,newyorkcoin,107.0,1.207,9.808,107.0,2.0,6032.0,2018-12-15 09:01:23 UTC,2018-12-15 09:01:23 UTC
178916,1457535600,NYC,newyorkcoin,107.0,1.307,9.808,107.0,10.0,6020.0,2018-12-15 09:01:23 UTC,2018-12-15 09:01:23 UTC
178917,1457449200,NYC,newyorkcoin,9.708,1.307,9.608,107.0,3.0,6127.0,2018-12-15 09:01:23 UTC,2018-12-15 09:01:23 UTC
178918,1457362800,NYC,newyorkcoin,9.808,1.307,9.708,9.708,2.0,5781.0,2018-12-15 09:01:23 UTC,2018-12-15 09:01:23 UTC
178919,1457276400,NYC,newyorkcoin,9.508,1.307,9.508,9.808,2.0,5859.0,2018-12-15 09:01:23 UTC,2018-12-15 09:01:23 UTC
178920,1457190000,NYC,newyorkcoin,1.107,1.207,9.308,9.508,4.0,5679.0,2018-12-15 09:01:23 UTC,2018-12-15 09:01:23 UTC
178921,1457103600,NYC,newyorkcoin,9.708,1.307,9.208,1.107,5.0,6408.0,2018-12-15 09:01:23 UTC,2018-12-15 09:01:23 UTC
178922,1457017200,NYC,newyorkcoin,107.0,1.307,9.708,9.708,6.0,5781.0,2018-12-15 09:01:23 UTC,2018-12-15 09:01:23 UTC
178923,1456930800,NYC,newyorkcoin,107.0,1.307,9.908,107.0,12.0,5948.0,2018-12-15 09:01:23 UTC,2018-12-15 09:01:23 UTC
178924,1456844400,NYC,newyorkcoin,1.207,1.407,107.0,107.0,2.0,5990.0,2018-12-15 09:01:23 UTC,2018-12-15 09:01:23 UTC
178925,1456758000,NYC,newyorkcoin,107.0,1.407,107.0,1.207,7.0,7017.0,2018-12-15 09:01:23 UTC,2018-12-15 09:01:23 UTC
178926,1456671600,NYC,newyorkcoin,107.0,1.407,107.0,107.0,3.0,6169.0,2018-12-15 09:01:23 UTC,2018-12-15 09:01:23 UTC
178927,1456585200,NYC,newyorkcoin,107.0,1.507,107.0,107.0,8.0,6121.0,2018-12-15 09:01:23 UTC,2018-12-15 09:01:23 UTC
178928,1456498800,NYC,newyorkcoin,107.0,1.307,9.908,107.0,0.0,6085.0,2018-12-15 09:01:23 UTC,2018-12-15 09:01:23 UTC
178929,1456412400,NYC,newyorkcoin,1.107,1.107,9.808,107.0,2.0,6002.0,2018-12-15 09:01:23 UTC,2018-12-15 09:01:23 UTC
178930,1456326000,NYC,newyorkcoin,107.0,1.407,107.0,1.107,3.0,6480.0,2018-12-15 09:01:23 UTC,2018-12-15 09:01:23 UTC
178931,1456239600,NYC,newyorkcoin,1.107,1.607,9.908,107.0,19.0,6044.0,2018-12-15 09:01:23 UTC,2018-12-15 09:01:23 UTC
178932,1456153200,NYC,newyorkcoin,1.407,1.607,9.908,1.107,11.0,6844.0,2018-12-15 09:01:23 UTC,2018-12-15 09:01:23 UTC
178933,1456066800,NYC,newyorkcoin,107.0,1.407,107.0,1.407,7.0,8349.0,2018-12-15 09:01:23 UTC,2018-12-15 09:01:23 UTC
178934,1455980400,NYC,newyorkcoin,1.307,1.707,107.0,107.0,15.0,6068.0,2018-12-15 09:01:23 UTC,2018-12-15 09:01:23 UTC
178935,1455894000,NYC,newyorkcoin,1.507,1.507,1.307,1.307,4.0,8038.0,2018-12-15 09:01:23 UTC,2018-12-15 09:01:23 UTC
178936,1455807600,NYC,newyorkcoin,1.507,1.507,1.307,1.507,1.0,8833.0,2018-12-15 09:01:23 UTC,2018-12-15 09:01:23 UTC
178937,1455721200,NYC,newyorkcoin,1.107,1.507,9.608,1.507,8.0,8707.0,2018-12-15 09:01:23 UTC,2018-12-15 09:01:23 UTC
178938,1455634800,NYC,newyorkcoin,107.0,1.307,9.408,1.107,3.0,6587.0,2018-12-15 09:01:23 UTC,2018-12-15 09:01:23 UTC
178939,1455548400,NYC,newyorkcoin,9.708,1.307,9.708,9.908,8.0,5924.0,2018-12-15 09:01:23 UTC,2018-12-15 09:01:23 UTC
178940,1455462000,NYC,newyorkcoin,1.307,1.507,9.208,9.708,16.0,5787.0,2018-12-15 09:01:23 UTC,2018-12-15 09:01:23 UTC
178941,1455375600,NYC,newyorkcoin,1.407,1.507,9.808,1.307,6.0,7943.0,2018-12-15 09:01:23 UTC,2018-12-15 09:01:23 UTC
178942,1455289200,NYC,newyorkcoin,9.308,1.407,9.308,1.407,14.0,8080.0,2018-12-15 09:01:23 UTC,2018-12-15 09:01:23 UTC
178943,1455202800,NYC,newyorkcoin,1.107,1.407,8.608,9.308,2.0,5542.0,2018-12-15 09:01:23 UTC,2018-12-15 09:01:23 UTC
178944,1455116400,NYC,newyorkcoin,1.207,1.507,107.0,1.107,3.0,6456.0,2018-12-15 09:01:23 UTC,2018-12-15 09:01:23 UTC
178945,1455030000,NYC,newyorkcoin,1.207,1.507,1.207,1.207,10.0,7381.0,2018-12-15 09:01:23 UTC,2018-12-15 09:01:23 UTC
178946,1454943600,NYC,newyorkcoin,1.207,1.307,1.207,1.307,3.0,7477.0,2018-12-15 09:01:23 UTC,2018-12-15 09:01:23 UTC
178947,1454857200,NYC,newyorkcoin,1.207,1.207,1.207,1.207,8.0,7304.0,2018-12-15 09:01:23 UTC,2018-12-15 09:01:23 UTC
178948,1454770800,NYC,newyorkcoin,1.207,1.307,1.207,1.207,7.0,7310.0,2018-12-15 09:01:23 UTC,2018-12-15 09:01:23 UTC
178949,1454684400,NYC,newyorkcoin,1.307,1.507,1.207,1.207,5.0,7447.0,2018-12-15 09:01:23 UTC,2018-12-15 09:01:23 UTC
178950,1454598000,NYC,newyorkcoin,1.307,1.607,1.207,1.307,13.0,7495.0,2018-12-15 09:01:23 UTC,2018-12-15 09:01:23 UTC
178951,1454511600,NYC,newyorkcoin,107.0,1.607,107.0,1.307,39.0,7561.0,2018-12-15 09:01:23 UTC,2018-12-15 09:01:23 UTC
178952,1454425200,NYC,newyorkcoin,1.107,1.307,9.608,107.0,3.0,6050.0,2018-12-15 09:01:23 UTC,2018-12-15 09:01:23 UTC
178953,1454338800,NYC,newyorkcoin,9.508,2.307,9.408,1.107,27.0,6695.0,2018-12-15 09:01:23 UTC,2018-12-15 09:01:23 UTC
178954,1454252400,NYC,newyorkcoin,9.208,107.0,808.0,9.508,3.0,5667.0,2018-12-15 09:01:23 UTC,2018-12-15 09:01:23 UTC
178955,1454166000,NYC,newyorkcoin,8.408,1.507,8.308,9.108,25.0,5458.0,2018-12-15 09:01:23 UTC,2018-12-15 09:01:23 UTC
178956,1454079600,NYC,newyorkcoin,9.408,1.207,8.208,8.308,4.0,4981.0,2018-12-15 09:01:23 UTC,2018-12-15 09:01:23 UTC
178957,1453993200,NYC,newyorkcoin,1.207,1.307,9.108,9.408,1.0,5590.0,2018-12-15 09:01:23 UTC,2018-12-15 09:01:23 UTC
178958,1453906800,NYC,newyorkcoin,1.307,1.407,8.908,1.207,30.0,7274.0,2018-12-15 09:01:23 UTC,2018-12-15 09:01:23 UTC
178959,1453820400,NYC,newyorkcoin,1.307,1.807,107.0,1.307,76.0,7973.0,2018-12-15 09:01:23 UTC,2018-12-15 09:01:23 UTC
178960,1453734000,NYC,newyorkcoin,9.408,1.607,9.408,1.307,55.0,7740.0,2018-12-15 09:01:23 UTC,2018-12-15 09:01:23 UTC
178961,1453647600,NYC,newyorkcoin,107.0,1.107,9.408,9.408,16.0,5620.0,2018-12-15 09:01:23 UTC,2018-12-15 09:01:23 UTC
178962,1453561200,NYC,newyorkcoin,107.0,1.407,8.808,107.0,30.0,5966.0,2018-12-15 09:01:24 UTC,2018-12-15 09:01:24 UTC
178963,1453474800,NYC,newyorkcoin,1.207,1.307,9.208,107.0,14.0,5960.0,2018-12-15 09:01:24 UTC,2018-12-15 09:01:24 UTC
178964,1453388400,NYC,newyorkcoin,9.708,1.207,9.408,1.207,5.0,7154.0,2018-12-15 09:01:24 UTC,2018-12-15 09:01:24 UTC
178965,1453302000,NYC,newyorkcoin,107.0,107.0,9.608,9.708,4.0,5775.0,2018-12-15 09:01:24 UTC,2018-12-15 09:01:24 UTC
178966,1453215600,NYC,newyorkcoin,9.808,107.0,8.908,107.0,4.0,6050.0,2018-12-15 09:01:24 UTC,2018-12-15 09:01:24 UTC
178967,1453129200,NYC,newyorkcoin,9.208,107.0,908.0,9.808,4.0,5841.0,2018-12-15 09:01:24 UTC,2018-12-15 09:01:24 UTC
178968,1453042800,NYC,newyorkcoin,9.108,1.207,908.0,9.208,7.0,5470.0,2018-12-15 09:01:24 UTC,2018-12-15 09:01:24 UTC
178969,1452956400,NYC,newyorkcoin,1.107,1.207,9.108,9.108,6.0,5435.0,2018-12-15 09:01:24 UTC,2018-12-15 09:01:24 UTC
178970,1452870000,NYC,newyorkcoin,8.908,1.207,8.808,1.107,6.0,6796.0,2018-12-15 09:01:24 UTC,2018-12-15 09:01:24 UTC
178971,1452783600,NYC,newyorkcoin,107.0,1.207,908.0,908.0,6.0,5375.0,2018-12-15 09:01:24 UTC,2018-12-15 09:01:24 UTC
178972,1452697200,NYC,newyorkcoin,1.407,1.707,708.0,107.0,120.0,6217.0,2018-12-15 09:01:24 UTC,2018-12-15 09:01:24 UTC
178973,1452610800,NYC,newyorkcoin,1.207,1.707,1.107,1.407,13.0,8110.0,2018-12-15 09:01:24 UTC,2018-12-15 09:01:24 UTC
178974,1452524400,NYC,newyorkcoin,1.207,1.807,1.207,1.207,6.0,7011.0,2018-12-15 09:01:24 UTC,2018-12-15 09:01:24 UTC
178975,1452438000,NYC,newyorkcoin,1.107,1.207,1.107,1.207,1.0,7232.0,2018-12-15 09:01:24 UTC,2018-12-15 09:01:24 UTC
178976,1452351600,NYC,newyorkcoin,1.407,1.607,1.107,1.107,44.0,6372.0,2018-12-15 09:01:24 UTC,2018-12-15 09:01:24 UTC
178977,1452265200,NYC,newyorkcoin,1.107,1.707,1.107,1.407,14.0,8164.0,2018-12-15 09:01:24 UTC,2018-12-15 09:01:24 UTC
178978,1452178800,NYC,newyorkcoin,1.107,1.407,1.107,1.107,4.0,6438.0,2018-12-15 09:01:24 UTC,2018-12-15 09:01:24 UTC
178979,1452092400,NYC,newyorkcoin,107.0,1.307,107.0,1.107,3.0,6408.0,2018-12-15 09:01:24 UTC,2018-12-15 09:01:24 UTC
178980,1452006000,NYC,newyorkcoin,9.708,1.307,9.608,107.0,3.0,6223.0,2018-12-15 09:01:24 UTC,2018-12-15 09:01:24 UTC
178981,1451919600,NYC,newyorkcoin,1.107,1.407,9.608,9.708,15.0,5805.0,2018-12-15 09:01:24 UTC,2018-12-15 09:01:24 UTC
178982,1451833200,NYC,newyorkcoin,1.407,1.707,1.107,1.107,74.0,6366.0,2018-12-15 09:01:24 UTC,2018-12-15 09:01:24 UTC
178983,1451746800,NYC,newyorkcoin,1.407,1.707,1.407,1.407,13.0,8301.0,2018-12-15 09:01:24 UTC,2018-12-15 09:01:24 UTC
178984,1451660400,NYC,newyorkcoin,1.807,1.807,1.407,1.407,13.0,8450.0,2018-12-15 09:01:24 UTC,2018-12-15 09:01:24 UTC
178985,1451574000,NYC,newyorkcoin,1.407,1.807,1.407,1.807,16.0,10481.0,2018-12-15 09:01:24 UTC,2018-12-15 09:01:24 UTC
178986,1451487600,NYC,newyorkcoin,207.0,2.107,1.407,1.407,5.0,8534.0,2018-12-15 09:01:24 UTC,2018-12-15 09:01:24 UTC
178987,1451401200,NYC,newyorkcoin,1.707,207.0,1.307,207.0,49.0,11807.0,2018-12-15 09:01:24 UTC,2018-12-15 09:01:24 UTC
178988,1451314800,NYC,newyorkcoin,1.407,1.707,107.0,1.707,40.0,10140.0,2018-12-15 09:01:24 UTC,2018-12-15 09:01:24 UTC
178989,1451228400,NYC,newyorkcoin,1.107,1.407,107.0,1.407,6.0,8140.0,2018-12-15 09:01:24 UTC,2018-12-15 09:01:24 UTC
178990,1451142000,NYC,newyorkcoin,107.0,1.307,107.0,1.107,4.0,6342.0,2018-12-15 09:01:24 UTC,2018-12-15 09:01:24 UTC
178991,1451055600,NYC,newyorkcoin,1.107,1.107,107.0,107.0,2.0,6139.0,2018-12-15 09:01:24 UTC,2018-12-15 09:01:24 UTC
178992,1450969200,NYC,newyorkcoin,1.107,1.107,1.107,1.107,3.0,6498.0,2018-12-15 09:01:24 UTC,2018-12-15 09:01:24 UTC
178993,1450882800,NYC,newyorkcoin,1.107,1.407,1.107,1.107,2.0,6533.0,2018-12-15 09:01:24 UTC,2018-12-15 09:01:24 UTC
178994,1450796400,NYC,newyorkcoin,107.0,1.307,107.0,1.107,8.0,6456.0,2018-12-15 09:01:24 UTC,2018-12-15 09:01:24 UTC
178995,1450710000,NYC,newyorkcoin,1.107,1.107,107.0,107.0,17.0,6235.0,2018-12-15 09:01:24 UTC,2018-12-15 09:01:24 UTC
178996,1450623600,NYC,newyorkcoin,1.107,1.307,1.107,1.107,17.0,6474.0,2018-12-15 09:01:24 UTC,2018-12-15 09:01:24 UTC
178997,1450537200,NYC,newyorkcoin,1.107,1.107,1.107,1.107,3.0,6426.0,2018-12-15 09:01:24 UTC,2018-12-15 09:01:24 UTC
178998,1450450800,NYC,newyorkcoin,1.107,1.207,1.107,1.107,6.0,6832.0,2018-12-15 09:01:24 UTC,2018-12-15 09:01:24 UTC
178999,1450364400,NYC,newyorkcoin,1.107,1.507,1.107,1.107,1.0,6730.0,2018-12-15 09:01:24 UTC,2018-12-15 09:01:24 UTC
179000,1450278000,NYC,newyorkcoin,1.107,1.507,1.107,1.107,3.0,6742.0,2018-12-15 09:01:24 UTC,2018-12-15 09:01:24 UTC
179001,1450191600,NYC,newyorkcoin,1.207,1.207,1.107,1.107,2.0,6856.0,2018-12-15 09:01:24 UTC,2018-12-15 09:01:24 UTC
179002,1450105200,NYC,newyorkcoin,1.107,1.307,1.107,1.207,6.0,7190.0,2018-12-15 09:01:24 UTC,2018-12-15 09:01:24 UTC
179003,1450018800,NYC,newyorkcoin,1.107,1.507,1.107,1.107,11.0,6557.0,2018-12-15 09:01:24 UTC,2018-12-15 09:01:24 UTC
179004,1449932400,NYC,newyorkcoin,1.107,1.507,1.107,1.107,39.0,6509.0,2018-12-15 09:01:24 UTC,2018-12-15 09:01:24 UTC
179005,1449846000,NYC,newyorkcoin,1.207,1.207,1.107,1.107,2.0,6468.0,2018-12-15 09:01:24 UTC,2018-12-15 09:01:24 UTC
179006,1449759600,NYC,newyorkcoin,1.107,1.207,1.107,1.107,0.0,6868.0,2018-12-15 09:01:24 UTC,2018-12-15 09:01:24 UTC
179007,1449673200,NYC,newyorkcoin,1.107,1.407,1.107,1.107,4.0,6545.0,2018-12-15 09:01:24 UTC,2018-12-15 09:01:24 UTC
179008,1449586800,NYC,newyorkcoin,9.608,1.307,7.708,1.107,3.0,6492.0,2018-12-15 09:01:24 UTC,2018-12-15 09:01:24 UTC
179009,1449500400,NYC,newyorkcoin,1.107,1.407,9.208,9.608,14.0,5721.0,2018-12-15 09:01:24 UTC,2018-12-15 09:01:24 UTC
179010,1449414000,NYC,newyorkcoin,1.307,1.507,1.107,1.107,4.0,6790.0,2018-12-15 09:01:24 UTC,2018-12-15 09:01:24 UTC
179011,1449327600,NYC,newyorkcoin,1.207,1.407,6.808,1.307,10.0,7770.0,2018-12-15 09:01:24 UTC,2018-12-15 09:01:24 UTC
179012,1449241200,NYC,newyorkcoin,1.307,1.707,6.108,1.207,114.0,7441.0,2018-12-15 09:01:24 UTC,2018-12-15 09:01:24 UTC
179013,1449154800,NYC,newyorkcoin,1.307,1.707,1.307,1.307,7.0,8020.0,2018-12-15 09:01:24 UTC,2018-12-15 09:01:24 UTC
179014,1449068400,NYC,newyorkcoin,1.607,1.707,1.307,1.307,20.0,8032.0,2018-12-15 09:01:24 UTC,2018-12-15 09:01:24 UTC
179015,1448982000,NYC,newyorkcoin,1.407,1.707,1.307,1.607,37.0,9340.0,2018-12-15 09:01:24 UTC,2018-12-15 09:01:24 UTC
179016,1448895600,NYC,newyorkcoin,1.507,1.707,1.307,1.407,6.0,8271.0,2018-12-15 09:01:24 UTC,2018-12-15 09:01:24 UTC
179017,1448809200,NYC,newyorkcoin,1.107,1.607,1.107,1.507,19.0,8731.0,2018-12-15 09:01:24 UTC,2018-12-15 09:01:24 UTC
179018,1448722800,NYC,newyorkcoin,1.107,1.207,1.107,1.107,2.0,6730.0,2018-12-15 09:01:24 UTC,2018-12-15 09:01:24 UTC
179019,1448636400,NYC,newyorkcoin,1.107,1.407,1.107,1.107,8.0,6629.0,2018-12-15 09:01:24 UTC,2018-12-15 09:01:24 UTC
179020,1448550000,NYC,newyorkcoin,1.207,1.307,1.107,1.107,9.0,6784.0,2018-12-15 09:01:24 UTC,2018-12-15 09:01:24 UTC
179021,1448463600,NYC,newyorkcoin,1.307,1.407,1.107,1.207,4.0,7322.0,2018-12-15 09:01:24 UTC,2018-12-15 09:01:24 UTC
179022,1448377200,NYC,newyorkcoin,1.307,1.307,1.207,1.307,6.0,7979.0,2018-12-15 09:01:24 UTC,2018-12-15 09:01:24 UTC
179023,1448290800,NYC,newyorkcoin,1.207,1.507,1.207,1.307,3.0,7537.0,2018-12-15 09:01:24 UTC,2018-12-15 09:01:24 UTC
179024,1448204400,NYC,newyorkcoin,1.307,1.307,1.207,1.207,6.0,7441.0,2018-12-15 09:01:24 UTC,2018-12-15 09:01:24 UTC
179025,1448118000,NYC,newyorkcoin,1.307,1.307,1.207,1.307,4.0,7489.0,2018-12-15 09:01:24 UTC,2018-12-15 09:01:24 UTC
179026,1448031600,NYC,newyorkcoin,1.307,1.507,1.207,1.307,4.0,7519.0,2018-12-15 09:01:24 UTC,2018-12-15 09:01:24 UTC
179027,1447945200,NYC,newyorkcoin,1.307,1.507,1.207,1.307,3.0,7489.0,2018-12-15 09:01:24 UTC,2018-12-15 09:01:24 UTC
179028,1447858800,NYC,newyorkcoin,1.607,1.607,1.207,1.307,5.0,7967.0,2018-12-15 09:01:24 UTC,2018-12-15 09:01:24 UTC
179029,1447772400,NYC,newyorkcoin,1.307,1.607,1.307,1.607,77.0,9352.0,2018-12-15 09:01:24 UTC,2018-12-15 09:01:24 UTC
179030,1447686000,NYC,newyorkcoin,1.307,1.607,1.307,1.307,7.0,7626.0,2018-12-15 09:01:24 UTC,2018-12-15 09:01:24 UTC
179031,1447599600,NYC,newyorkcoin,1.207,1.607,1.207,1.307,8.0,7584.0,2018-12-15 09:01:24 UTC,2018-12-15 09:01:24 UTC
179032,1447513200,NYC,newyorkcoin,1.607,1.607,1.207,1.207,9.0,7232.0,2018-12-15 09:01:24 UTC,2018-12-15 09:01:24 UTC
179033,1447426800,NYC,newyorkcoin,1.607,1.707,1.507,1.607,14.0,9328.0,2018-12-15 09:01:24 UTC,2018-12-15 09:01:24 UTC
179034,1447340400,NYC,newyorkcoin,1.807,1.807,1.307,1.607,20.0,9633.0,2018-12-15 09:01:24 UTC,2018-12-15 09:01:24 UTC
179035,1447254000,NYC,newyorkcoin,1.907,207.0,1.607,1.807,6.0,10606.0,2018-12-15 09:01:24 UTC,2018-12-15 09:01:24 UTC
179036,1447167600,NYC,newyorkcoin,1.607,2.207,1.507,1.907,3.0,11484.0,2018-12-15 09:01:24 UTC,2018-12-15 09:01:24 UTC
179037,1447081200,NYC,newyorkcoin,207.0,2.107,1.607,1.607,6.0,9406.0,2018-12-15 09:01:24 UTC,2018-12-15 09:01:24 UTC
179038,1446994800,NYC,newyorkcoin,2.207,2.407,1.707,1.907,91.0,11645.0,2018-12-15 09:01:24 UTC,2018-12-15 09:01:24 UTC
179039,1446908400,NYC,newyorkcoin,2.807,2.807,2.107,2.207,22.0,13204.0,2018-12-15 09:01:24 UTC,2018-12-15 09:01:24 UTC
179040,1446822000,NYC,newyorkcoin,2.807,2.907,2.207,2.707,43.0,16381.0,2018-12-15 09:01:24 UTC,2018-12-15 09:01:24 UTC
179041,1446735600,NYC,newyorkcoin,2.307,3.207,2.107,2.807,130.0,16972.0,2018-12-15 09:01:24 UTC,2018-12-15 09:01:24 UTC
179042,1446649200,NYC,newyorkcoin,2.507,3.907,2.107,2.407,73.0,14046.0,2018-12-15 09:01:24 UTC,2018-12-15 09:01:24 UTC
179043,1446562800,NYC,newyorkcoin,3.207,3.707,2.407,2.507,20.0,14649.0,2018-12-15 09:01:24 UTC,2018-12-15 09:01:24 UTC
179044,1446476400,NYC,newyorkcoin,2.907,3.807,2.607,3.207,121.0,18919.0,2018-12-15 09:01:24 UTC,2018-12-15 09:01:24 UTC
179045,1446390000,NYC,newyorkcoin,2.807,3.307,2.407,2.907,24.0,17528.0,2018-12-15 09:01:24 UTC,2018-12-15 09:01:24 UTC
179046,1446303600,NYC,newyorkcoin,2.307,3.107,2.307,2.807,24.0,16584.0,2018-12-15 09:01:24 UTC,2018-12-15 09:01:24 UTC
179047,1446217200,NYC,newyorkcoin,2.507,2.807,2.307,2.307,30.0,13592.0,2018-12-15 09:01:24 UTC,2018-12-15 09:01:24 UTC
179048,1446130800,NYC,newyorkcoin,2.607,3.307,2.307,2.507,51.0,14661.0,2018-12-15 09:01:24 UTC,2018-12-15 09:01:24 UTC
179049,1446044400,NYC,newyorkcoin,2.307,2.907,2.207,2.607,12.0,15700.0,2018-12-15 09:01:24 UTC,2018-12-15 09:01:24 UTC
179050,1445958000,NYC,newyorkcoin,2.207,2.807,2.207,2.307,11.0,24840.0,2018-12-15 09:01:24 UTC,2018-12-15 09:01:24 UTC
179051,1445871600,NYC,newyorkcoin,2.507,2.907,2.207,2.207,26.0,23877.0,2018-12-15 09:01:24 UTC,2018-12-15 09:01:24 UTC
179052,1445785200,NYC,newyorkcoin,2.507,2.807,2.207,2.507,196.0,27055.0,2018-12-15 09:01:24 UTC,2018-12-15 09:01:24 UTC
179053,1445698800,NYC,newyorkcoin,2.807,3.107,2.207,2.507,191.0,26862.0,2018-12-15 09:01:24 UTC,2018-12-15 09:01:24 UTC
179054,1445612400,NYC,newyorkcoin,1.807,2.807,1.607,2.807,382.0,30276.0,2018-12-15 09:01:24 UTC,2018-12-15 09:01:24 UTC
179055,1445526000,NYC,newyorkcoin,2.807,2.807,1.607,1.807,60.0,19844.0,2018-12-15 09:01:24 UTC,2018-12-15 09:01:24 UTC
179056,1445439600,NYC,newyorkcoin,2.507,2.807,2.407,2.807,4.0,30807.0,2018-12-15 09:01:24 UTC,2018-12-15 09:01:24 UTC
179057,1445353200,NYC,newyorkcoin,2.507,3.107,2.207,2.507,104.0,26998.0,2018-12-15 09:01:24 UTC,2018-12-15 09:01:24 UTC
179058,1445266800,NYC,newyorkcoin,2.407,3.407,2.407,2.807,90.0,30332.0,2018-12-15 09:01:24 UTC,2018-12-15 09:01:24 UTC
179059,1445180400,NYC,newyorkcoin,2.407,2.807,2.407,2.407,63.0,26591.0,2018-12-15 09:01:24 UTC,2018-12-15 09:01:24 UTC
179060,1445094000,NYC,newyorkcoin,2.807,2.907,2.107,2.407,78.0,26671.0,2018-12-15 09:01:24 UTC,2018-12-15 09:01:24 UTC
179061,1445007600,NYC,newyorkcoin,2.507,3.107,1.907,2.807,68.0,30188.0,2018-12-15 09:01:24 UTC,2018-12-15 09:01:24 UTC
179062,1444921200,NYC,newyorkcoin,2.707,3.107,2.207,2.507,62.0,27202.0,2018-12-15 09:01:24 UTC,2018-12-15 09:01:24 UTC
179063,1444834800,NYC,newyorkcoin,2.507,2.807,2.207,2.207,35.0,23771.0,2018-12-15 09:01:24 UTC,2018-12-15 09:01:24 UTC
179064,1444748400,NYC,newyorkcoin,2.507,3.107,2.407,2.507,23.0,27635.0,2018-12-15 09:01:24 UTC,2018-12-15 09:01:24 UTC
179065,1444662000,NYC,newyorkcoin,2.607,3.507,2.207,2.507,88.0,27399.0,2018-12-15 09:01:24 UTC,2018-12-15 09:01:24 UTC
179066,1444575600,NYC,newyorkcoin,307.0,307.0,2.407,2.607,30.0,27795.0,2018-12-15 09:01:24 UTC,2018-12-15 09:01:24 UTC
179067,1444489200,NYC,newyorkcoin,2.407,3.207,2.207,307.0,75.0,32167.0,2018-12-15 09:01:24 UTC,2018-12-15 09:01:24 UTC
179068,1444402800,NYC,newyorkcoin,1.907,2.607,1.907,2.407,20.0,26681.0,2018-12-15 09:01:24 UTC,2018-12-15 09:01:24 UTC
179069,1444316400,NYC,newyorkcoin,2.407,2.507,1.907,1.907,49.0,20740.0,2018-12-15 09:01:24 UTC,2018-12-15 09:01:24 UTC
179070,1444230000,NYC,newyorkcoin,2.207,2.307,1.807,1.807,15.0,20114.0,2018-12-15 09:01:24 UTC,2018-12-15 09:01:24 UTC
179071,1444143600,NYC,newyorkcoin,2.207,2.607,2.107,2.207,23.0,24113.0,2018-12-15 09:01:24 UTC,2018-12-15 09:01:24 UTC
179072,1444057200,NYC,newyorkcoin,2.307,2.807,2.107,2.207,45.0,23932.0,2018-12-15 09:01:24 UTC,2018-12-15 09:01:24 UTC
179073,1443970800,NYC,newyorkcoin,2.807,2.807,207.0,2.307,9.0,24535.0,2018-12-15 09:01:24 UTC,2018-12-15 09:01:24 UTC
179074,1443884400,NYC,newyorkcoin,2.107,307.0,1.907,2.807,172.0,30030.0,2018-12-15 09:01:24 UTC,2018-12-15 09:01:24 UTC
179075,1443798000,NYC,newyorkcoin,1.607,2.907,1.607,2.107,19.0,22566.0,2018-12-15 09:01:24 UTC,2018-12-15 09:01:24 UTC
179076,1443711600,NYC,newyorkcoin,1.707,2.907,1.607,1.607,15.0,17811.0,2018-12-15 09:01:24 UTC,2018-12-15 09:01:24 UTC
179077,1443625200,NYC,newyorkcoin,1.707,3.107,1.707,207.0,15.0,21706.0,2018-12-15 09:01:24 UTC,2018-12-15 09:01:24 UTC
179078,1443538800,NYC,newyorkcoin,1.807,3.307,1.507,1.707,13.0,18377.0,2018-12-15 09:01:24 UTC,2018-12-15 09:01:24 UTC
179079,1443452400,NYC,newyorkcoin,3.907,4.307,1.807,1.807,181.0,19447.0,2018-12-15 09:01:24 UTC,2018-12-15 09:01:24 UTC
179080,1443366000,NYC,newyorkcoin,3.607,4.207,307.0,3.907,152.0,42434.0,2018-12-15 09:01:24 UTC,2018-12-15 09:01:24 UTC
179081,1443279600,NYC,newyorkcoin,3.207,7.107,3.207,3.507,204.0,38527.0,2018-12-15 09:01:24 UTC,2018-12-15 09:01:24 UTC
179082,1443193200,NYC,newyorkcoin,7.407,8.107,2.807,3.207,437.0,35044.0,2018-12-15 09:01:24 UTC,2018-12-15 09:01:24 UTC
179083,1443106800,NYC,newyorkcoin,2.907,2.0e-06,2.907,7.407,503.0,80050.0,2018-12-15 09:01:24 UTC,2018-12-15 09:01:24 UTC
179084,1443020400,NYC,newyorkcoin,207.0,4.807,1.907,407.0,534.0,43626.0,2018-12-15 09:01:24 UTC,2018-12-15 09:01:24 UTC
179085,1442934000,NYC,newyorkcoin,1.807,2.307,1.707,207.0,46.0,21433.0,2018-12-15 09:01:24 UTC,2018-12-15 09:01:24 UTC
179086,1442847600,NYC,newyorkcoin,1.807,2.207,1.407,1.807,105.0,19422.0,2018-12-15 09:01:24 UTC,2018-12-15 09:01:24 UTC
179087,1442761200,NYC,newyorkcoin,107.0,207.0,107.0,1.807,107.0,19894.0,2018-12-15 09:01:24 UTC,2018-12-15 09:01:24 UTC
179088,1442674800,NYC,newyorkcoin,107.0,1.307,8.908,107.0,14.0,11223.0,2018-12-15 09:01:24 UTC,2018-12-15 09:01:24 UTC
179089,1442588400,NYC,newyorkcoin,1.107,1.307,107.0,107.0,3.0,10949.0,2018-12-15 09:01:24 UTC,2018-12-15 09:01:24 UTC
179090,1442502000,NYC,newyorkcoin,1.107,1.307,1.107,1.107,5.0,11563.0,2018-12-15 09:01:24 UTC,2018-12-15 09:01:24 UTC
179091,1442415600,NYC,newyorkcoin,1.107,1.207,9.908,1.207,8.0,12827.0,2018-12-15 09:01:24 UTC,2018-12-15 09:01:24 UTC
179092,1442329200,NYC,newyorkcoin,1.107,1.407,107.0,107.0,11.0,11362.0,2018-12-15 09:01:24 UTC,2018-12-15 09:01:24 UTC
179093,1442242800,NYC,newyorkcoin,107.0,1.407,8.608,1.107,17.0,12149.0,2018-12-15 09:01:24 UTC,2018-12-15 09:01:24 UTC
179094,1442156400,NYC,newyorkcoin,1.107,1.407,8.608,107.0,22.0,11032.0,2018-12-15 09:01:24 UTC,2018-12-15 09:01:24 UTC
179095,1442070000,NYC,newyorkcoin,9.308,1.407,8.808,1.107,9.0,11484.0,2018-12-15 09:01:24 UTC,2018-12-15 09:01:24 UTC
179096,1441983600,NYC,newyorkcoin,6.908,1.507,6.508,9.308,131.0,9999.0,2018-12-15 09:01:24 UTC,2018-12-15 09:01:24 UTC
179097,1441897200,NYC,newyorkcoin,6.808,808.0,6.808,6.908,1.0,7479.0,2018-12-15 09:01:24 UTC,2018-12-15 09:01:24 UTC
179098,1441810800,NYC,newyorkcoin,808.0,8.408,6.808,6.908,2.0,7401.0,2018-12-15 09:01:24 UTC,2018-12-15 09:01:24 UTC
179099,1441724400,NYC,newyorkcoin,8.108,9.108,7.508,808.0,2.0,8598.0,2018-12-15 09:01:24 UTC,2018-12-15 09:01:24 UTC
179100,1441638000,NYC,newyorkcoin,8.808,9.108,8.108,8.108,4.0,8758.0,2018-12-15 09:01:24 UTC,2018-12-15 09:01:24 UTC
179101,1441551600,NYC,newyorkcoin,7.308,107.0,7.108,8.808,13.0,9512.0,2018-12-15 09:01:24 UTC,2018-12-15 09:01:24 UTC
179102,1441465200,NYC,newyorkcoin,7.408,8.308,7.108,7.308,2.0,7825.0,2018-12-15 09:01:24 UTC,2018-12-15 09:01:24 UTC
179103,1441378800,NYC,newyorkcoin,7.108,8.608,6.808,7.408,3.0,7996.0,2018-12-15 09:01:24 UTC,2018-12-15 09:01:24 UTC
179104,1441292400,NYC,newyorkcoin,7.208,9.608,6.808,7.108,13.0,7682.0,2018-12-15 09:01:24 UTC,2018-12-15 09:01:24 UTC
179105,1441206000,NYC,newyorkcoin,8.308,9.108,7.108,7.208,3.0,7734.0,2018-12-15 09:01:24 UTC,2018-12-15 09:01:24 UTC
179106,1441119600,NYC,newyorkcoin,8.308,8.308,6.708,8.308,4.0,8950.0,2018-12-15 09:01:24 UTC,2018-12-15 09:01:24 UTC
179107,1441033200,NYC,newyorkcoin,8.508,8.708,8.208,8.308,2.0,8905.0,2018-12-15 09:01:24 UTC,2018-12-15 09:01:24 UTC
179108,1440946800,NYC,newyorkcoin,8.508,1.107,8.208,8.508,5.0,9161.0,2018-12-15 09:01:24 UTC,2018-12-15 09:01:24 UTC
179109,1440860400,NYC,newyorkcoin,8.508,9.608,808.0,8.508,12.0,9148.0,2018-12-15 09:01:24 UTC,2018-12-15 09:01:24 UTC
179110,1440774000,NYC,newyorkcoin,9.108,1.107,6.308,8.508,44.0,9199.0,2018-12-15 09:01:24 UTC,2018-12-15 09:01:24 UTC
179111,1440687600,NYC,newyorkcoin,8.908,1.107,8.608,9.108,2.0,9832.0,2018-12-15 09:01:24 UTC,2018-12-15 09:01:24 UTC
179112,1440601200,NYC,newyorkcoin,8.908,1.107,8.808,8.908,2.0,9604.0,2018-12-15 09:01:24 UTC,2018-12-15 09:01:24 UTC
179113,1440514800,NYC,newyorkcoin,8.908,1.107,8.608,8.908,9.0,9569.0,2018-12-15 09:01:24 UTC,2018-12-15 09:01:24 UTC
179114,1440428400,NYC,newyorkcoin,9.908,1.207,808.0,8.908,4.0,9545.0,2018-12-15 09:01:24 UTC,2018-12-15 09:01:24 UTC
179115,1440342000,NYC,newyorkcoin,908.0,1.207,8.308,8.408,33.0,9015.0,2018-12-15 09:01:24 UTC,2018-12-15 09:01:24 UTC
179116,1440255600,NYC,newyorkcoin,8.908,107.0,8.908,908.0,3.0,9679.0,2018-12-15 09:01:24 UTC,2018-12-15 09:01:24 UTC
179117,1440169200,NYC,newyorkcoin,9.208,107.0,8.808,8.908,2.0,9548.0,2018-12-15 09:01:24 UTC,2018-12-15 09:01:24 UTC
179118,1440082800,NYC,newyorkcoin,7.208,1.107,7.108,9.208,1.0,9878.0,2018-12-15 09:01:24 UTC,2018-12-15 09:01:24 UTC
179119,1439996400,NYC,newyorkcoin,7.508,1.107,6.608,7.208,22.0,7748.0,2018-12-15 09:01:24 UTC,2018-12-15 09:01:24 UTC
179120,1439910000,NYC,newyorkcoin,7.908,107.0,6.508,7.508,20.0,8111.0,2018-12-15 09:01:24 UTC,2018-12-15 09:01:24 UTC
179121,1439823600,NYC,newyorkcoin,107.0,1.207,808.0,808.0,85.0,8549.0,2018-12-15 09:01:24 UTC,2018-12-15 09:01:24 UTC
179122,1439737200,NYC,newyorkcoin,1.107,1.507,8.308,107.0,31.0,10791.0,2018-12-15 09:01:24 UTC,2018-12-15 09:01:24 UTC
179123,1439650800,NYC,newyorkcoin,1.107,1.507,107.0,1.107,1.0,11379.0,2018-12-15 09:01:24 UTC,2018-12-15 09:01:24 UTC
179124,1439564400,NYC,newyorkcoin,1.107,1.607,1.107,1.107,5.0,11644.0,2018-12-15 09:01:24 UTC,2018-12-15 09:01:24 UTC
179125,1439478000,NYC,newyorkcoin,1.107,1.607,1.107,1.107,6.0,11834.0,2018-12-15 09:01:24 UTC,2018-12-15 09:01:24 UTC
179126,1439391600,NYC,newyorkcoin,808.0,1.607,7.908,1.107,2.0,12088.0,2018-12-15 09:01:24 UTC,2018-12-15 09:01:24 UTC
179127,1439305200,NYC,newyorkcoin,1.207,1.607,808.0,808.0,64.0,8622.0,2018-12-15 09:01:24 UTC,2018-12-15 09:01:24 UTC
179128,1439218800,NYC,newyorkcoin,1.207,1.507,8.908,1.207,8.0,12854.0,2018-12-15 09:01:24 UTC,2018-12-15 09:01:24 UTC
179129,1439132400,NYC,newyorkcoin,1.307,1.507,1.207,1.207,3.0,12486.0,2018-12-15 09:01:24 UTC,2018-12-15 09:01:24 UTC
179130,1439046000,NYC,newyorkcoin,1.207,1.607,1.107,1.307,4.0,14154.0,2018-12-15 09:01:24 UTC,2018-12-15 09:01:24 UTC
179131,1438959600,NYC,newyorkcoin,8.708,1.607,8.508,1.207,37.0,12426.0,2018-12-15 09:01:24 UTC,2018-12-15 09:01:24 UTC
179132,1438873200,NYC,newyorkcoin,1.607,1.707,8.608,8.708,64.0,9285.0,2018-12-15 09:01:24 UTC,2018-12-15 09:01:24 UTC
179133,1438786800,NYC,newyorkcoin,1.707,2.107,1.307,1.607,22.0,15676.0,2018-12-15 09:01:24 UTC,2018-12-15 09:01:24 UTC
179134,1438700400,NYC,newyorkcoin,3.807,7.207,1.407,1.707,10.0,16766.0,2018-12-15 09:01:24 UTC,2018-12-15 09:01:24 UTC
179135,1438614000,NYC,newyorkcoin,1.0e-06,1.0e-06,3.107,3.807,55.0,36558.0,2018-12-15 09:01:24 UTC,2018-12-15 09:01:24 UTC
179136,1438527600,NYC,newyorkcoin,1.0e-06,1.0e-06,8.907,1.0e-06,34.0,115806.0,2018-12-15 09:01:24 UTC,2018-12-15 09:01:24 UTC
179137,1438441200,NYC,newyorkcoin,2.907,507.0,2.607,4.507,42.0,44129.0,2018-12-15 09:01:24 UTC,2018-12-15 09:01:24 UTC
179138,1438354800,NYC,newyorkcoin,1.407,3.507,1.107,2.907,124.0,28219.0,2018-12-15 09:01:24 UTC,2018-12-15 09:01:24 UTC
179139,1438268400,NYC,newyorkcoin,1.207,1.807,908.0,1.407,84.0,13195.0,2018-12-15 09:01:24 UTC,2018-12-15 09:01:24 UTC
179140,1438182000,NYC,newyorkcoin,9.608,1.407,8.908,1.207,12.0,11920.0,2018-12-15 09:01:24 UTC,2018-12-15 09:01:24 UTC
179141,1438095600,NYC,newyorkcoin,9.908,1.107,9.408,9.608,10.0,9332.0,2018-12-15 09:01:24 UTC,2018-12-15 09:01:24 UTC
179142,1438009200,NYC,newyorkcoin,9.608,1.407,9.608,9.908,14.0,9663.0,2018-12-15 09:01:24 UTC,2018-12-15 09:01:24 UTC
179143,1437922800,NYC,newyorkcoin,9.508,1.407,9.308,9.608,21.0,9342.0,2018-12-15 09:01:24 UTC,2018-12-15 09:01:24 UTC
179144,1437836400,NYC,newyorkcoin,9.108,9.808,908.0,9.508,19.0,9205.0,2018-12-15 09:01:24 UTC,2018-12-15 09:01:24 UTC
179145,1437750000,NYC,newyorkcoin,1.307,1.407,908.0,9.108,42.0,8894.0,2018-12-15 09:01:24 UTC,2018-12-15 09:01:24 UTC
179146,1437663600,NYC,newyorkcoin,8.708,1.307,8.508,1.307,3.0,12378.0,2018-12-15 09:01:24 UTC,2018-12-15 09:01:24 UTC
179147,1437577200,NYC,newyorkcoin,8.508,9.208,8.508,8.708,2.0,8514.0,2018-12-15 09:01:24 UTC,2018-12-15 09:01:24 UTC
179148,1437490800,NYC,newyorkcoin,7.608,8.508,7.508,8.508,2.0,8242.0,2018-12-15 09:01:24 UTC,2018-12-15 09:01:24 UTC
179149,1437404400,NYC,newyorkcoin,7.808,8.508,7.308,7.608,2.0,7386.0,2018-12-15 09:01:24 UTC,2018-12-15 09:01:24 UTC
179150,1437318000,NYC,newyorkcoin,7.508,7.908,7.408,7.908,2.0,7639.0,2018-12-15 09:01:24 UTC,2018-12-15 09:01:24 UTC
179151,1437231600,NYC,newyorkcoin,808.0,8.108,7.308,7.508,2.0,7308.0,2018-12-15 09:01:24 UTC,2018-12-15 09:01:24 UTC
179152,1437145200,NYC,newyorkcoin,7.508,8.408,7.508,808.0,3.0,7775.0,2018-12-15 09:01:24 UTC,2018-12-15 09:01:24 UTC
179153,1437058800,NYC,newyorkcoin,7.108,8.408,7.108,7.508,1.0,7288.0,2018-12-15 09:01:24 UTC,2018-12-15 09:01:24 UTC
179154,1436972400,NYC,newyorkcoin,8.108,9.608,6.808,7.108,3.0,6880.0,2018-12-15 09:01:24 UTC,2018-12-15 09:01:24 UTC
179155,1436886000,NYC,newyorkcoin,9.408,9.708,8.108,8.208,2.0,7960.0,2018-12-15 09:01:24 UTC,2018-12-15 09:01:24 UTC
179156,1436799600,NYC,newyorkcoin,1.307,1.407,908.0,9.408,2.0,9108.0,2018-12-15 09:01:24 UTC,2018-12-15 09:01:24 UTC
179157,1436713200,NYC,newyorkcoin,1.507,1.507,9.308,1.307,66.0,12270.0,2018-12-15 09:01:24 UTC,2018-12-15 09:01:24 UTC
179158,1436626800,NYC,newyorkcoin,8.208,1.507,8.108,1.507,75.0,15005.0,2018-12-15 09:01:24 UTC,2018-12-15 09:01:24 UTC
179159,1436540400,NYC,newyorkcoin,8.308,9.208,7.908,8.208,1.0,7989.0,2018-12-15 09:01:24 UTC,2018-12-15 09:01:24 UTC
179160,1436454000,NYC,newyorkcoin,908.0,1.207,8.208,8.308,4.0,8038.0,2018-12-15 09:01:24 UTC,2018-12-15 09:01:24 UTC
179161,1436367600,NYC,newyorkcoin,1.207,2.107,8.908,908.0,1.0,8777.0,2018-12-15 09:01:24 UTC,2018-12-15 09:01:24 UTC
179162,1436281200,NYC,newyorkcoin,9.308,1.507,9.308,1.207,27.0,11716.0,2018-12-15 09:01:24 UTC,2018-12-15 09:01:24 UTC
179163,1436194800,NYC,newyorkcoin,6.308,1.307,5.908,9.308,6.0,9089.0,2018-12-15 09:01:24 UTC,2018-12-15 09:01:24 UTC
179164,1436108400,NYC,newyorkcoin,9.808,1.107,6.308,6.308,33.0,6121.0,2018-12-15 09:01:24 UTC,2018-12-15 09:01:24 UTC
179165,1436022000,NYC,newyorkcoin,8.408,1.307,808.0,9.808,3.0,9575.0,2018-12-15 09:01:24 UTC,2018-12-15 09:01:24 UTC
179166,1435935600,NYC,newyorkcoin,8.208,8.408,8.108,8.408,3.0,8164.0,2018-12-15 09:01:24 UTC,2018-12-15 09:01:24 UTC
179167,1435849200,NYC,newyorkcoin,808.0,8.408,808.0,8.208,2.0,7989.0,2018-12-15 09:01:24 UTC,2018-12-15 09:01:24 UTC
179168,1435762800,NYC,newyorkcoin,8.108,9.408,7.708,808.0,3.0,7804.0,2018-12-15 09:01:24 UTC,2018-12-15 09:01:24 UTC
179169,1435676400,NYC,newyorkcoin,8.208,9.208,7.608,8.108,2.0,7921.0,2018-12-15 09:01:24 UTC,2018-12-15 09:01:24 UTC
179170,1435590000,NYC,newyorkcoin,7.708,8.608,7.608,8.208,2.0,7989.0,2018-12-15 09:01:24 UTC,2018-12-15 09:01:24 UTC
179171,1435503600,NYC,newyorkcoin,9.308,1.207,6.308,7.708,2.0,7444.0,2018-12-15 09:01:24 UTC,2018-12-15 09:01:24 UTC
179172,1435417200,NYC,newyorkcoin,9.108,1.207,8.808,9.608,10.0,9361.0,2018-12-15 09:01:24 UTC,2018-12-15 09:01:24 UTC
179173,1435330800,NYC,newyorkcoin,5.808,9.108,5.808,9.108,2.0,8845.0,2018-12-15 09:01:24 UTC,2018-12-15 09:01:24 UTC
179174,1435244400,NYC,newyorkcoin,5.608,1.107,5.608,5.808,4.0,5605.0,2018-12-15 09:01:24 UTC,2018-12-15 09:01:24 UTC
179175,1435158000,NYC,newyorkcoin,5.408,7.308,5.308,5.708,1.0,5508.0,2018-12-15 09:01:24 UTC,2018-12-15 09:01:24 UTC
179176,1435071600,NYC,newyorkcoin,7.808,1.107,5.408,5.408,2.0,5274.0,2018-12-15 09:01:24 UTC,2018-12-15 09:01:24 UTC
179177,1434985200,NYC,newyorkcoin,8.808,1.107,6.808,7.808,59.0,7590.0,2018-12-15 09:01:24 UTC,2018-12-15 09:01:24 UTC
179178,1434898800,NYC,newyorkcoin,9.308,1.107,8.708,8.808,16.0,8544.0,2018-12-15 09:01:24 UTC,2018-12-15 09:01:24 UTC
179179,1434812400,NYC,newyorkcoin,1.107,1.507,9.408,9.408,6.0,9137.0,2018-12-15 09:01:24 UTC,2018-12-15 09:01:24 UTC
179180,1434726000,NYC,newyorkcoin,1.107,1.507,1.107,1.107,84.0,11054.0,2018-12-15 09:01:24 UTC,2018-12-15 09:01:24 UTC
179181,1434639600,NYC,newyorkcoin,1.207,1.307,1.107,1.107,4.0,10986.0,2018-12-15 09:01:24 UTC,2018-12-15 09:01:24 UTC
179182,1434553200,NYC,newyorkcoin,1.107,1.307,1.107,1.207,12.0,11891.0,2018-12-15 09:01:24 UTC,2018-12-15 09:01:24 UTC
179183,1434466800,NYC,newyorkcoin,1.207,1.607,1.107,1.207,7.0,11229.0,2018-12-15 09:01:24 UTC,2018-12-15 09:01:24 UTC
179184,1434380400,NYC,newyorkcoin,1.107,1.507,8.908,1.207,43.0,11229.0,2018-12-15 09:01:24 UTC,2018-12-15 09:01:24 UTC
179185,1434294000,NYC,newyorkcoin,9.108,1.207,8.608,1.107,11.0,10587.0,2018-12-15 09:01:24 UTC,2018-12-15 09:01:24 UTC
179186,1434207600,NYC,newyorkcoin,7.408,1.307,7.408,107.0,58.0,10032.0,2018-12-15 09:01:24 UTC,2018-12-15 09:01:24 UTC
179187,1434121200,NYC,newyorkcoin,708.0,7.708,6.808,7.608,2.0,7376.0,2018-12-15 09:01:24 UTC,2018-12-15 09:01:24 UTC
179188,1434034800,NYC,newyorkcoin,5.508,9.108,5.508,7.808,4.0,7551.0,2018-12-15 09:01:24 UTC,2018-12-15 09:01:24 UTC
179189,1433948400,NYC,newyorkcoin,708.0,1.107,5.408,5.508,5.0,5371.0,2018-12-15 09:01:24 UTC,2018-12-15 09:01:24 UTC
179190,1433862000,NYC,newyorkcoin,7.208,1.107,708.0,708.0,5.0,6831.0,2018-12-15 09:01:24 UTC,2018-12-15 09:01:24 UTC
179191,1433775600,NYC,newyorkcoin,6.908,107.0,6.908,7.208,5.0,6987.0,2018-12-15 09:01:24 UTC,2018-12-15 09:01:24 UTC
179192,1433689200,NYC,newyorkcoin,6.908,7.908,6.608,6.908,2.0,6753.0,2018-12-15 09:01:24 UTC,2018-12-15 09:01:24 UTC
179193,1433602800,NYC,newyorkcoin,708.0,8.808,6.908,6.908,26.0,6714.0,2018-12-15 09:01:24 UTC,2018-12-15 09:01:24 UTC
179194,1433516400,NYC,newyorkcoin,708.0,7.208,708.0,708.0,2.0,6821.0,2018-12-15 09:01:24 UTC,2018-12-15 09:01:24 UTC
179195,1433430000,NYC,newyorkcoin,6.608,8.708,6.608,708.0,7.0,6841.0,2018-12-15 09:01:24 UTC,2018-12-15 09:01:24 UTC
179196,1433343600,NYC,newyorkcoin,6.608,7.708,6.608,6.608,2.0,6451.0,2018-12-15 09:01:24 UTC,2018-12-15 09:01:24 UTC
179197,1433257200,NYC,newyorkcoin,6.808,8.708,6.608,6.608,3.0,6461.0,2018-12-15 09:01:24 UTC,2018-12-15 09:01:24 UTC
179198,1433170800,NYC,newyorkcoin,6.408,8.308,6.308,6.808,3.0,6617.0,2018-12-15 09:01:24 UTC,2018-12-15 09:01:24 UTC
179199,1433084400,NYC,newyorkcoin,6.708,8.308,6.408,6.408,3.0,6208.0,2018-12-15 09:01:24 UTC,2018-12-15 09:01:24 UTC
179200,1432998000,NYC,newyorkcoin,7.208,8.508,6.708,6.708,4.0,6490.0,2018-12-15 09:01:24 UTC,2018-12-15 09:01:24 UTC
179201,1432911600,NYC,newyorkcoin,8.708,9.108,7.208,7.308,3.0,7055.0,2018-12-15 09:01:24 UTC,2018-12-15 09:01:24 UTC
179202,1432825200,NYC,newyorkcoin,8.308,1.307,7.408,8.708,6.0,8505.0,2018-12-15 09:01:24 UTC,2018-12-15 09:01:24 UTC
179203,1432738800,NYC,newyorkcoin,9.308,1.407,8.108,1.307,10.0,12991.0,2018-12-15 09:01:24 UTC,2018-12-15 09:01:24 UTC
179204,1432652400,NYC,newyorkcoin,7.308,1.207,7.308,9.308,3.0,9011.0,2018-12-15 09:01:24 UTC,2018-12-15 09:01:24 UTC
179205,1432566000,NYC,newyorkcoin,7.208,908.0,7.208,7.308,1.0,7142.0,2018-12-15 09:01:24 UTC,2018-12-15 09:01:24 UTC
179206,1432479600,NYC,newyorkcoin,9.508,9.608,7.108,7.208,3.0,7006.0,2018-12-15 09:01:24 UTC,2018-12-15 09:01:24 UTC
179207,1432393200,NYC,newyorkcoin,8.508,9.508,708.0,7.408,3.0,7220.0,2018-12-15 09:01:24 UTC,2018-12-15 09:01:24 UTC
179208,1432306800,NYC,newyorkcoin,708.0,107.0,708.0,8.508,14.0,8261.0,2018-12-15 09:01:24 UTC,2018-12-15 09:01:24 UTC
179209,1432220400,NYC,newyorkcoin,5.208,7.608,508.0,7.508,3.0,7337.0,2018-12-15 09:01:24 UTC,2018-12-15 09:01:24 UTC
179210,1432134000,NYC,newyorkcoin,6.208,708.0,5.208,5.308,5.0,5118.0,2018-12-15 09:01:24 UTC,2018-12-15 09:01:24 UTC
179211,1432047600,NYC,newyorkcoin,5.908,708.0,5.908,6.208,2.0,6072.0,2018-12-15 09:01:25 UTC,2018-12-15 09:01:25 UTC
179212,1431961200,NYC,newyorkcoin,5.808,7.308,5.808,5.908,3.0,5722.0,2018-12-15 09:01:25 UTC,2018-12-15 09:01:25 UTC
179213,1431874800,NYC,newyorkcoin,5.708,6.808,5.708,5.808,2.0,5624.0,2018-12-15 09:01:25 UTC,2018-12-15 09:01:25 UTC
179214,1431788400,NYC,newyorkcoin,5.708,708.0,5.608,5.708,5.0,5576.0,2018-12-15 09:01:25 UTC,2018-12-15 09:01:25 UTC
179215,1431702000,NYC,newyorkcoin,5.808,6.408,5.708,5.708,2.0,5566.0,2018-12-15 09:01:25 UTC,2018-12-15 09:01:25 UTC
179216,1431615600,NYC,newyorkcoin,5.808,6.208,5.808,5.808,2.0,5683.0,2018-12-15 09:01:25 UTC,2018-12-15 09:01:25 UTC
179217,1431529200,NYC,newyorkcoin,5.308,808.0,5.208,5.808,1.0,5634.0,2018-12-15 09:01:25 UTC,2018-12-15 09:01:25 UTC
179218,1431442800,NYC,newyorkcoin,4.508,8.208,4.508,8.208,1.0,7940.0,2018-12-15 09:01:25 UTC,2018-12-15 09:01:25 UTC
179219,1431356400,NYC,newyorkcoin,5.108,5.508,4.408,4.508,4.0,4398.0,2018-12-15 09:01:25 UTC,2018-12-15 09:01:25 UTC
179220,1431270000,NYC,newyorkcoin,4.308,6.608,4.308,5.108,1.0,4943.0,2018-12-15 09:01:25 UTC,2018-12-15 09:01:25 UTC
179221,1431183600,NYC,newyorkcoin,4.308,6.308,4.308,4.308,2.0,4184.0,2018-12-15 09:01:25 UTC,2018-12-15 09:01:25 UTC
179222,1431097200,NYC,newyorkcoin,4.408,7.408,4.208,4.308,2.0,4223.0,2018-12-15 09:01:25 UTC,2018-12-15 09:01:25 UTC
179223,1431010800,NYC,newyorkcoin,4.308,6.708,4.308,4.408,1.0,4320.0,2018-12-15 09:01:25 UTC,2018-12-15 09:01:25 UTC
179224,1430924400,NYC,newyorkcoin,4.108,6.908,3.708,6.708,20.0,6568.0,2018-12-15 09:01:25 UTC,2018-12-15 09:01:25 UTC
179225,1430838000,NYC,newyorkcoin,4.308,4.608,4.108,4.108,1.0,4019.0,2018-12-15 09:01:25 UTC,2018-12-15 09:01:25 UTC
179226,1430751600,NYC,newyorkcoin,708.0,708.0,3.908,4.208,1.0,4097.0,2018-12-15 09:01:25 UTC,2018-12-15 09:01:25 UTC
179227,1430665200,NYC,newyorkcoin,6.108,7.208,4.208,6.908,6.0,6724.0,2018-12-15 09:01:25 UTC,2018-12-15 09:01:25 UTC
179228,1430578800,NYC,newyorkcoin,6.508,6.508,4.808,5.508,2.0,5381.0,2018-12-15 09:01:25 UTC,2018-12-15 09:01:25 UTC
179229,1430492400,NYC,newyorkcoin,7.108,7.708,4.708,4.808,3.0,4642.0,2018-12-15 09:01:25 UTC,2018-12-15 09:01:25 UTC
179230,1430406000,NYC,newyorkcoin,7.308,7.708,5.108,7.108,8.0,6919.0,2018-12-15 09:01:25 UTC,2018-12-15 09:01:25 UTC
179231,1430233200,NYC,newyorkcoin,4.108,4.108,4.108,4.108,1.0,3980.0,2018-12-15 09:01:25 UTC,2018-12-15 09:01:25 UTC
179232,1430146800,NYC,newyorkcoin,5.908,608.0,408.0,4.108,1.0,3980.0,2018-12-15 09:01:25 UTC,2018-12-15 09:01:25 UTC
179233,1430060400,NYC,newyorkcoin,5.608,608.0,3.908,608.0,1.0,5829.0,2018-12-15 09:01:25 UTC,2018-12-15 09:01:25 UTC
179234,1429974000,NYC,newyorkcoin,5.608,5.708,4.108,5.108,3.0,4982.0,2018-12-15 09:01:25 UTC,2018-12-15 09:01:25 UTC
179235,1429887600,NYC,newyorkcoin,5.908,7.108,4.208,4.808,1.0,4671.0,2018-12-15 09:01:25 UTC,2018-12-15 09:01:25 UTC
179236,1429801200,NYC,newyorkcoin,5.808,6.908,5.608,5.808,1.0,5683.0,2018-12-15 09:01:25 UTC,2018-12-15 09:01:25 UTC
179237,1429714800,NYC,newyorkcoin,6.108,8.408,4.408,5.808,8.0,5624.0,2018-12-15 09:01:25 UTC,2018-12-15 09:01:25 UTC
179238,1429628400,NYC,newyorkcoin,6.208,7.408,5.208,5.308,2.0,5177.0,2018-12-15 09:01:25 UTC,2018-12-15 09:01:25 UTC
179239,1429542000,NYC,newyorkcoin,5.608,8.408,5.408,6.208,1.0,6033.0,2018-12-15 09:01:25 UTC,2018-12-15 09:01:25 UTC
179240,1429455600,NYC,newyorkcoin,5.608,8.208,4.808,5.808,1.0,5663.0,2018-12-15 09:01:25 UTC,2018-12-15 09:01:25 UTC
179241,1429369200,NYC,newyorkcoin,5.808,8.508,5.308,5.608,8.0,5459.0,2018-12-15 09:01:25 UTC,2018-12-15 09:01:25 UTC
179242,1429282800,NYC,newyorkcoin,5.308,708.0,4.408,5.808,1.0,5673.0,2018-12-15 09:01:25 UTC,2018-12-15 09:01:25 UTC
179243,1429196400,NYC,newyorkcoin,5.608,6.508,4.308,5.308,3.0,5128.0,2018-12-15 09:01:25 UTC,2018-12-15 09:01:25 UTC
179244,1429110000,NYC,newyorkcoin,5.208,7.608,508.0,608.0,2.0,5809.0,2018-12-15 09:01:25 UTC,2018-12-15 09:01:25 UTC
179245,1429023600,NYC,newyorkcoin,5.108,708.0,508.0,708.0,3.0,6782.0,2018-12-15 09:01:25 UTC,2018-12-15 09:01:25 UTC
179246,1428937200,NYC,newyorkcoin,5.108,6.408,3.608,5.208,3.0,5109.0,2018-12-15 09:01:25 UTC,2018-12-15 09:01:25 UTC
179247,1428850800,NYC,newyorkcoin,5.508,6.508,4.508,5.208,3.0,5099.0,2018-12-15 09:01:25 UTC,2018-12-15 09:01:25 UTC
179248,1428764400,NYC,newyorkcoin,6.508,6.608,508.0,6.208,1.0,6033.0,2018-12-15 09:01:25 UTC,2018-12-15 09:01:25 UTC
179249,1428678000,NYC,newyorkcoin,608.0,6.208,4.608,4.708,1.0,4554.0,2018-12-15 09:01:25 UTC,2018-12-15 09:01:25 UTC
179250,1428591600,NYC,newyorkcoin,6.208,6.408,5.908,6.208,6.0,6033.0,2018-12-15 09:01:25 UTC,2018-12-15 09:01:25 UTC
179251,1428505200,NYC,newyorkcoin,7.808,8.208,608.0,6.208,4.0,6043.0,2018-12-15 09:01:25 UTC,2018-12-15 09:01:25 UTC
179252,1428418800,NYC,newyorkcoin,7.908,9.708,7.308,7.708,4.0,7444.0,2018-12-15 09:01:25 UTC,2018-12-15 09:01:25 UTC
179253,1428332400,NYC,newyorkcoin,8.508,8.708,6.908,8.208,24.0,7950.0,2018-12-15 09:01:25 UTC,2018-12-15 09:01:25 UTC
179254,1428246000,NYC,newyorkcoin,9.908,107.0,8.408,8.508,2.0,8252.0,2018-12-15 09:01:25 UTC,2018-12-15 09:01:25 UTC
179255,1428159600,NYC,newyorkcoin,9.908,107.0,9.608,9.908,1.0,9624.0,2018-12-15 09:01:25 UTC,2018-12-15 09:01:25 UTC
179256,1428073200,NYC,newyorkcoin,107.0,1.107,8.308,107.0,3.0,9838.0,2018-12-15 09:01:25 UTC,2018-12-15 09:01:25 UTC
179257,1427986800,NYC,newyorkcoin,1.107,1.207,9.108,107.0,9.0,9896.0,2018-12-15 09:01:25 UTC,2018-12-15 09:01:25 UTC
179258,1427900400,NYC,newyorkcoin,8.908,1.207,8.108,1.107,5.0,10967.0,2018-12-15 09:01:25 UTC,2018-12-15 09:01:25 UTC
179259,1427814000,NYC,newyorkcoin,1.107,1.307,8.308,107.0,8.0,9750.0,2018-12-15 09:01:25 UTC,2018-12-15 09:01:25 UTC
179260,1427727600,NYC,newyorkcoin,107.0,1.407,8.208,1.207,9.0,11492.0,2018-12-15 09:01:25 UTC,2018-12-15 09:01:25 UTC
179261,1427641200,NYC,newyorkcoin,1.107,1.307,9.608,107.0,24.0,9770.0,2018-12-15 09:01:25 UTC,2018-12-15 09:01:25 UTC
179262,1427554800,NYC,newyorkcoin,1.307,1.407,1.107,1.107,12.0,10947.0,2018-12-15 09:01:25 UTC,2018-12-15 09:01:25 UTC
179263,1427468400,NYC,newyorkcoin,107.0,1.407,107.0,1.307,8.0,12339.0,2018-12-15 09:01:25 UTC,2018-12-15 09:01:25 UTC
179264,1427382000,NYC,newyorkcoin,1.207,1.307,107.0,107.0,2.0,9984.0,2018-12-15 09:01:25 UTC,2018-12-15 09:01:25 UTC
179265,1427295600,NYC,newyorkcoin,1.107,1.407,9.908,1.207,13.0,11628.0,2018-12-15 09:01:25 UTC,2018-12-15 09:01:25 UTC
179266,1427209200,NYC,newyorkcoin,1.107,1.307,9.908,1.207,9.0,11619.0,2018-12-15 09:01:25 UTC,2018-12-15 09:01:25 UTC
179267,1427122800,NYC,newyorkcoin,1.307,1.407,107.0,1.107,4.0,10519.0,2018-12-15 09:01:25 UTC,2018-12-15 09:01:25 UTC
179268,1427036400,NYC,newyorkcoin,1.207,1.607,1.207,1.307,12.0,12893.0,2018-12-15 09:01:25 UTC,2018-12-15 09:01:25 UTC
179269,1426950000,NYC,newyorkcoin,1.207,1.407,1.207,1.307,3.0,12485.0,2018-12-15 09:01:25 UTC,2018-12-15 09:01:25 UTC
179270,1426863600,NYC,newyorkcoin,1.207,1.507,1.207,1.307,4.0,12241.0,2018-12-15 09:01:25 UTC,2018-12-15 09:01:25 UTC
179271,1426777200,NYC,newyorkcoin,1.207,1.607,1.207,1.207,5.0,11910.0,2018-12-15 09:01:25 UTC,2018-12-15 09:01:25 UTC
179272,1426690800,NYC,newyorkcoin,1.207,307.0,1.207,1.207,9.0,11677.0,2018-12-15 09:01:25 UTC,2018-12-15 09:01:25 UTC
179273,1426604400,NYC,newyorkcoin,1.307,1.807,1.207,1.307,3.0,12572.0,2018-12-15 09:01:25 UTC,2018-12-15 09:01:25 UTC
179274,1426518000,NYC,newyorkcoin,1.907,1.907,1.307,1.307,16.0,12815.0,2018-12-15 09:01:25 UTC,2018-12-15 09:01:25 UTC
179275,1426431600,NYC,newyorkcoin,1.407,1.907,1.407,1.507,17.0,14625.0,2018-12-15 09:01:25 UTC,2018-12-15 09:01:25 UTC
179276,1426345200,NYC,newyorkcoin,1.407,1.907,1.407,1.407,13.0,14051.0,2018-12-15 09:01:25 UTC,2018-12-15 09:01:25 UTC
179277,1426258800,NYC,newyorkcoin,1.607,1.807,1.407,1.407,38.0,14100.0,2018-12-15 09:01:25 UTC,2018-12-15 09:01:25 UTC
179278,1426172400,NYC,newyorkcoin,1.407,2.707,1.407,1.607,51.0,15501.0,2018-12-15 09:01:25 UTC,2018-12-15 09:01:25 UTC
179279,1426086000,NYC,newyorkcoin,1.307,1.507,1.207,1.407,29.0,14022.0,2018-12-15 09:01:25 UTC,2018-12-15 09:01:25 UTC
179280,1425999600,NYC,newyorkcoin,1.307,1.507,1.207,1.307,6.0,12981.0,2018-12-15 09:01:25 UTC,2018-12-15 09:01:25 UTC
179281,1425913200,NYC,newyorkcoin,1.107,1.607,1.107,1.407,22.0,13681.0,2018-12-15 09:01:25 UTC,2018-12-15 09:01:25 UTC
179282,1425826800,NYC,newyorkcoin,1.407,1.707,9.908,1.107,67.0,11171.0,2018-12-15 09:01:25 UTC,2018-12-15 09:01:25 UTC
179283,1425740400,NYC,newyorkcoin,1.307,1.707,1.307,1.407,16.0,13779.0,2018-12-15 09:01:25 UTC,2018-12-15 09:01:25 UTC
179284,1425654000,NYC,newyorkcoin,1.307,1.707,1.207,1.307,19.0,12193.0,2018-12-15 09:01:25 UTC,2018-12-15 09:01:25 UTC
179285,1425567600,NYC,newyorkcoin,1.307,1.707,1.307,1.307,7.0,12776.0,2018-12-15 09:01:25 UTC,2018-12-15 09:01:25 UTC
179286,1425481200,NYC,newyorkcoin,1.407,1.907,1.307,1.307,21.0,12689.0,2018-12-15 09:01:25 UTC,2018-12-15 09:01:25 UTC
179287,1425394800,NYC,newyorkcoin,9.108,1.807,908.0,1.407,36.0,13886.0,2018-12-15 09:01:25 UTC,2018-12-15 09:01:25 UTC
179288,1425308400,NYC,newyorkcoin,1.507,1.807,8.208,1.807,18.0,17593.0,2018-12-15 09:01:25 UTC,2018-12-15 09:01:25 UTC
179289,1425222000,NYC,newyorkcoin,1.707,1.807,1.107,1.407,14.0,14100.0,2018-12-15 09:01:25 UTC,2018-12-15 09:01:25 UTC
179290,1425135600,NYC,newyorkcoin,1.507,2.207,1.207,1.707,113.0,16941.0,2018-12-15 09:01:25 UTC,2018-12-15 09:01:25 UTC
179291,1425049200,NYC,newyorkcoin,1.207,2.407,1.107,1.607,228.0,15657.0,2018-12-15 09:01:25 UTC,2018-12-15 09:01:25 UTC
179292,1424962800,NYC,newyorkcoin,1.407,1.507,107.0,1.407,45.0,13886.0,2018-12-15 09:01:25 UTC,2018-12-15 09:01:25 UTC
179293,1424876400,NYC,newyorkcoin,1.707,207.0,1.307,1.407,19.0,13954.0,2018-12-15 09:01:25 UTC,2018-12-15 09:01:25 UTC
179294,1424790000,NYC,newyorkcoin,1.407,2.307,9.308,1.907,53.0,18216.0,2018-12-15 09:01:25 UTC,2018-12-15 09:01:25 UTC
179295,1424703600,NYC,newyorkcoin,1.107,1.507,1.107,1.407,33.0,14012.0,2018-12-15 09:01:25 UTC,2018-12-15 09:01:25 UTC
179296,1424617200,NYC,newyorkcoin,1.207,1.607,8.508,1.107,16.0,11113.0,2018-12-15 09:01:25 UTC,2018-12-15 09:01:25 UTC
179297,1424530800,NYC,newyorkcoin,1.707,2.107,1.107,1.507,13.0,14217.0,2018-12-15 09:01:25 UTC,2018-12-15 09:01:25 UTC
179298,1424444400,NYC,newyorkcoin,2.107,2.307,1.807,2.107,7.0,20619.0,2018-12-15 09:01:25 UTC,2018-12-15 09:01:25 UTC
179299,1424358000,NYC,newyorkcoin,1.507,2.307,1.507,2.307,4.0,22566.0,2018-12-15 09:01:25 UTC,2018-12-15 09:01:25 UTC
179300,1424271600,NYC,newyorkcoin,1.507,1.707,1.107,1.607,12.0,15112.0,2018-12-15 09:01:25 UTC,2018-12-15 09:01:25 UTC
179301,1424185200,NYC,newyorkcoin,1.407,1.607,1.207,1.507,6.0,14246.0,2018-12-15 09:01:25 UTC,2018-12-15 09:01:25 UTC
179302,1424098800,NYC,newyorkcoin,1.707,1.907,1.307,1.507,28.0,14937.0,2018-12-15 09:01:25 UTC,2018-12-15 09:01:25 UTC
179303,1424012400,NYC,newyorkcoin,1.607,1.607,1.307,1.507,24.0,14460.0,2018-12-15 09:01:25 UTC,2018-12-15 09:01:25 UTC
179304,1423926000,NYC,newyorkcoin,1.607,207.0,1.107,1.707,66.0,16318.0,2018-12-15 09:01:25 UTC,2018-12-15 09:01:25 UTC
179305,1423839600,NYC,newyorkcoin,2.607,2.807,1.407,1.907,49.0,18790.0,2018-12-15 09:01:25 UTC,2018-12-15 09:01:25 UTC
179306,1423753200,NYC,newyorkcoin,5.708,2.607,5.708,2.607,53.0,25018.0,2018-12-15 09:01:25 UTC,2018-12-15 09:01:25 UTC
179307,1423666800,NYC,newyorkcoin,5.808,1.407,5.608,5.808,34.0,5634.0,2018-12-15 09:01:25 UTC,2018-12-15 09:01:25 UTC
179308,1423580400,NYC,newyorkcoin,9.608,1.307,5.808,5.808,3.0,5673.0,2018-12-15 09:01:25 UTC,2018-12-15 09:01:25 UTC
179309,1423494000,NYC,newyorkcoin,8.708,1.307,5.908,1.107,7.0,10733.0,2018-12-15 09:01:25 UTC,2018-12-15 09:01:25 UTC
179310,1423407600,NYC,newyorkcoin,908.0,1.807,8.408,1.307,7.0,12494.0,2018-12-15 09:01:25 UTC,2018-12-15 09:01:25 UTC
179311,1423321200,NYC,newyorkcoin,1.107,1.907,8.808,1.307,8.0,12991.0,2018-12-15 09:01:25 UTC,2018-12-15 09:01:25 UTC
179312,1423234800,NYC,newyorkcoin,2.407,2.407,8.808,1.107,23.0,10392.0,2018-12-15 09:01:25 UTC,2018-12-15 09:01:25 UTC
179313,1423148400,NYC,newyorkcoin,107.0,2.507,908.0,2.407,5.0,23733.0,2018-12-15 09:01:25 UTC,2018-12-15 09:01:25 UTC
179314,1423062000,NYC,newyorkcoin,207.0,207.0,8.408,1.107,12.0,10315.0,2018-12-15 09:01:25 UTC,2018-12-15 09:01:25 UTC
179315,1422975600,NYC,newyorkcoin,1.207,607.0,9.208,1.907,17.0,18975.0,2018-12-15 09:01:25 UTC,2018-12-15 09:01:25 UTC
179316,1422889200,NYC,newyorkcoin,1.707,1.707,7.608,1.207,32.0,11297.0,2018-12-15 09:01:25 UTC,2018-12-15 09:01:25 UTC
179317,1422802800,NYC,newyorkcoin,1.207,1.707,1.107,1.707,11.0,16601.0,2018-12-15 09:01:25 UTC,2018-12-15 09:01:25 UTC
179318,1422716400,NYC,newyorkcoin,1.107,1.407,9.908,1.207,18.0,11823.0,2018-12-15 09:01:25 UTC,2018-12-15 09:01:25 UTC
179319,1422630000,NYC,newyorkcoin,1.507,1.807,9.908,1.107,10.0,10402.0,2018-12-15 09:01:25 UTC,2018-12-15 09:01:25 UTC
179320,1422543600,NYC,newyorkcoin,107.0,1.907,107.0,1.507,5.0,14187.0,2018-12-15 09:01:25 UTC,2018-12-15 09:01:25 UTC
179321,1422457200,NYC,newyorkcoin,1.607,2.107,107.0,107.0,56.0,9886.0,2018-12-15 09:01:25 UTC,2018-12-15 09:01:25 UTC
179322,1422370800,NYC,newyorkcoin,1.0e-06,2.0e-06,1.507,1.607,6.0,15628.0,2018-12-15 09:01:25 UTC,2018-12-15 09:01:25 UTC
179323,1422284400,NYC,newyorkcoin,6.107,2.0e-06,4.707,1.0e-06,28.0,106474.0,2018-12-15 09:01:25 UTC,2018-12-15 09:01:25 UTC
179324,1422198000,NYC,newyorkcoin,6.207,1.0e-06,5.907,6.107,20.0,59747.0,2018-12-15 09:01:25 UTC,2018-12-15 09:01:25 UTC
179325,1422111600,NYC,newyorkcoin,2.407,6.407,1.307,6.207,38.0,60584.0,2018-12-15 09:01:25 UTC,2018-12-15 09:01:25 UTC
179326,1422025200,NYC,newyorkcoin,407.0,4.107,1.607,2.307,51.0,22624.0,2018-12-15 09:01:25 UTC,2018-12-15 09:01:25 UTC
179327,1421938800,NYC,newyorkcoin,207.0,4.207,1.407,407.0,21.0,38767.0,2018-12-15 09:01:25 UTC,2018-12-15 09:01:25 UTC
179328,1421852400,NYC,newyorkcoin,1.207,1.0e-06,2.408,207.0,410.0,19364.0,2018-12-15 09:01:25 UTC,2018-12-15 09:01:25 UTC
179329,1421766000,NYC,newyorkcoin,2.108,1.0e-06,1.208,1.0e-06,149.0,133973.0,2018-12-15 09:01:25 UTC,2018-12-15 09:01:25 UTC
179330,1421679600,NYC,newyorkcoin,2.208,2.708,1.508,2.108,2.0,2014.0,2018-12-15 09:01:25 UTC,2018-12-15 09:01:25 UTC
179331,1421593200,NYC,newyorkcoin,2.708,2.708,2.208,2.208,0.0,2160.0,2018-12-15 09:01:25 UTC,2018-12-15 09:01:25 UTC
179332,1421506800,NYC,newyorkcoin,3.708,3.708,1.408,2.708,3.0,2598.0,2018-12-15 09:01:25 UTC,2018-12-15 09:01:25 UTC
179333,1421420400,NYC,newyorkcoin,1.508,3.708,1.208,3.708,3.0,3561.0,2018-12-15 09:01:25 UTC,2018-12-15 09:01:25 UTC
179334,1421334000,NYC,newyorkcoin,1.108,308.0,1.108,1.508,2.0,1440.0,2018-12-15 09:01:25 UTC,2018-12-15 09:01:25 UTC
179335,1421247600,NYC,newyorkcoin,2.508,3.208,9.309,1.108,1.0,1100.0,2018-12-15 09:01:25 UTC,2018-12-15 09:01:25 UTC
179336,1421161200,NYC,newyorkcoin,3.108,3.108,9.609,2.508,0.0,2452.0,2018-12-15 09:01:25 UTC,2018-12-15 09:01:25 UTC
179337,1421074800,NYC,newyorkcoin,3.908,3.908,108.0,3.108,2.0,3036.0,2018-12-15 09:01:25 UTC,2018-12-15 09:01:25 UTC
179338,1420988400,NYC,newyorkcoin,2.608,408.0,1.808,3.908,1.0,3785.0,2018-12-15 09:01:25 UTC,2018-12-15 09:01:25 UTC
179339,1420902000,NYC,newyorkcoin,4.108,4.208,1.808,2.608,1.0,2569.0,2018-12-15 09:01:25 UTC,2018-12-15 09:01:25 UTC
179340,1420815600,NYC,newyorkcoin,2.708,4.508,1.808,4.108,4.0,3990.0,2018-12-15 09:01:25 UTC,2018-12-15 09:01:25 UTC
179341,1420729200,NYC,newyorkcoin,5.808,5.808,1.308,2.708,8.0,2647.0,2018-12-15 09:01:25 UTC,2018-12-15 09:01:25 UTC
179342,1420642800,NYC,newyorkcoin,6.408,6.408,2.908,5.808,5.0,5673.0,2018-12-15 09:01:25 UTC,2018-12-15 09:01:25 UTC
179343,1420556400,NYC,newyorkcoin,4.208,6.408,2.108,6.408,9.0,6208.0,2018-12-15 09:01:25 UTC,2018-12-15 09:01:25 UTC
179344,1420470000,NYC,newyorkcoin,5.108,5.308,3.108,4.208,2.0,4116.0,2018-12-15 09:01:25 UTC,2018-12-15 09:01:25 UTC
179345,1420383600,NYC,newyorkcoin,5.108,5.308,2.608,5.108,0.0,5011.0,2018-12-15 09:01:25 UTC,2018-12-15 09:01:25 UTC
179346,1420297200,NYC,newyorkcoin,5.408,6.108,3.108,5.108,1.0,4933.0,2018-12-15 09:01:25 UTC,2018-12-15 09:01:25 UTC
179347,1420210800,NYC,newyorkcoin,1.107,1.107,4.408,5.408,0.0,5303.0,2018-12-15 09:01:25 UTC,2018-12-15 09:01:25 UTC
179348,1420124400,NYC,newyorkcoin,5.408,1.107,2.708,1.107,6.0,10334.0,2018-12-15 09:01:25 UTC,2018-12-15 09:01:25 UTC
179349,1420038000,NYC,newyorkcoin,408.0,808.0,2.708,5.408,1.0,5225.0,2018-12-15 09:01:25 UTC,2018-12-15 09:01:25 UTC
179350,1419951600,NYC,newyorkcoin,5.908,6.808,3.308,408.0,2.0,3853.0,2018-12-15 09:01:25 UTC,2018-12-15 09:01:25 UTC
179351,1419865200,NYC,newyorkcoin,708.0,708.0,2.508,5.908,11.0,5761.0,2018-12-15 09:01:25 UTC,2018-12-15 09:01:25 UTC
179352,1419778800,NYC,newyorkcoin,6.408,9.708,2.508,7.108,37.0,6880.0,2018-12-15 09:01:25 UTC,2018-12-15 09:01:25 UTC
179353,1419692400,NYC,newyorkcoin,9.608,9.608,5.608,6.408,2.0,6237.0,2018-12-15 09:01:25 UTC,2018-12-15 09:01:25 UTC
179354,1419606000,NYC,newyorkcoin,107.0,1.207,708.0,9.708,4.0,9410.0,2018-12-15 09:01:25 UTC,2018-12-15 09:01:25 UTC
179355,1419519600,NYC,newyorkcoin,6.208,107.0,5.408,107.0,96.0,9760.0,2018-12-15 09:01:25 UTC,2018-12-15 09:01:25 UTC
179356,1419433200,NYC,newyorkcoin,6.208,6.308,5.208,6.208,1.0,6004.0,2018-12-15 09:01:25 UTC,2018-12-15 09:01:25 UTC
179357,1419346800,NYC,newyorkcoin,4.108,6.508,408.0,6.208,1.0,6014.0,2018-12-15 09:01:25 UTC,2018-12-15 09:01:25 UTC
179358,1419260400,NYC,newyorkcoin,5.508,5.808,408.0,4.708,16.0,4603.0,2018-12-15 09:01:25 UTC,2018-12-15 09:01:25 UTC
179359,1419174000,NYC,newyorkcoin,8.208,8.408,3.408,5.508,28.0,5371.0,2018-12-15 09:01:25 UTC,2018-12-15 09:01:25 UTC
179360,1419087600,NYC,newyorkcoin,7.908,8.808,7.508,8.208,4.0,7960.0,2018-12-15 09:01:25 UTC,2018-12-15 09:01:25 UTC
179361,1419001200,NYC,newyorkcoin,7.808,908.0,6.208,7.908,10.0,7678.0,2018-12-15 09:01:25 UTC,2018-12-15 09:01:25 UTC
179362,1418914800,NYC,newyorkcoin,7.308,7.908,4.708,7.808,1.0,7600.0,2018-12-15 09:01:25 UTC,2018-12-15 09:01:25 UTC
179363,1418828400,NYC,newyorkcoin,7.108,7.408,5.608,7.308,7.0,7152.0,2018-12-15 09:01:25 UTC,2018-12-15 09:01:25 UTC
179364,1418742000,NYC,newyorkcoin,3.708,7.208,3.708,7.108,5.0,6909.0,2018-12-15 09:01:25 UTC,2018-12-15 09:01:25 UTC
179365,1418655600,NYC,newyorkcoin,5.908,8.308,3.708,3.708,1.0,3581.0,2018-12-15 09:01:25 UTC,2018-12-15 09:01:25 UTC
179366,1418569200,NYC,newyorkcoin,6.808,6.808,4.408,5.808,1.0,5692.0,2018-12-15 09:01:25 UTC,2018-12-15 09:01:25 UTC
179367,1418482800,NYC,newyorkcoin,4.708,6.908,3.808,6.808,2.0,6656.0,2018-12-15 09:01:25 UTC,2018-12-15 09:01:25 UTC
179368,1418396400,NYC,newyorkcoin,4.208,5.408,3.908,4.708,1.0,4535.0,2018-12-15 09:01:25 UTC,2018-12-15 09:01:25 UTC
179369,1418310000,NYC,newyorkcoin,3.808,8.208,3.808,4.208,2.0,4097.0,2018-12-15 09:01:25 UTC,2018-12-15 09:01:25 UTC
179370,1418223600,NYC,newyorkcoin,7.508,7.508,3.608,5.208,1.0,5089.0,2018-12-15 09:01:25 UTC,2018-12-15 09:01:25 UTC
179371,1418137200,NYC,newyorkcoin,9.308,107.0,6.908,7.508,32.0,7269.0,2018-12-15 09:01:25 UTC,2018-12-15 09:01:25 UTC
179372,1418050800,NYC,newyorkcoin,107.0,1.107,908.0,9.308,3.0,9040.0,2018-12-15 09:01:25 UTC,2018-12-15 09:01:25 UTC
179373,1417964400,NYC,newyorkcoin,9.508,107.0,6.308,107.0,3.0,9692.0,2018-12-15 09:01:25 UTC,2018-12-15 09:01:25 UTC
179374,1417878000,NYC,newyorkcoin,1.107,1.107,6.308,9.508,0.0,9254.0,2018-12-15 09:01:25 UTC,2018-12-15 09:01:25 UTC
179375,1417791600,NYC,newyorkcoin,9.508,1.107,6.908,1.107,15.0,10548.0,2018-12-15 09:01:25 UTC,2018-12-15 09:01:25 UTC
179376,1417705200,NYC,newyorkcoin,1.107,1.107,5.508,9.508,2.0,9196.0,2018-12-15 09:01:25 UTC,2018-12-15 09:01:25 UTC
179377,1417618800,NYC,newyorkcoin,1.207,1.207,5.108,1.107,3.0,10694.0,2018-12-15 09:01:25 UTC,2018-12-15 09:01:25 UTC
179378,1417532400,NYC,newyorkcoin,1.107,1.607,4.108,1.207,17.0,11268.0,2018-12-15 09:01:25 UTC,2018-12-15 09:01:25 UTC
179379,1417446000,NYC,newyorkcoin,508.0,1.107,3.408,1.107,13.0,10704.0,2018-12-15 09:01:25 UTC,2018-12-15 09:01:25 UTC
179380,1417359600,NYC,newyorkcoin,5.708,5.708,2.908,508.0,10.0,4846.0,2018-12-15 09:01:25 UTC,2018-12-15 09:01:25 UTC
179381,1417273200,NYC,newyorkcoin,6.208,107.0,5.508,5.708,2.0,5576.0,2018-12-15 09:01:25 UTC,2018-12-15 09:01:25 UTC
179382,1417186800,NYC,newyorkcoin,1.207,1.207,3.108,6.208,2.0,6043.0,2018-12-15 09:01:25 UTC,2018-12-15 09:01:25 UTC
179383,1417100400,NYC,newyorkcoin,4.708,1.207,1.908,1.207,8.0,11677.0,2018-12-15 09:01:25 UTC,2018-12-15 09:01:25 UTC
179384,1417014000,NYC,newyorkcoin,4.408,4.808,1.708,4.708,6.0,4603.0,2018-12-15 09:01:25 UTC,2018-12-15 09:01:25 UTC
179385,1416927600,NYC,newyorkcoin,4.508,4.508,7.109,3.408,7.0,3279.0,2018-12-15 09:01:25 UTC,2018-12-15 09:01:25 UTC
179386,1416841200,NYC,newyorkcoin,5.608,6.208,108.0,4.508,14.0,4408.0,2018-12-15 09:01:25 UTC,2018-12-15 09:01:25 UTC
179387,1416754800,NYC,newyorkcoin,5.808,708.0,5.608,5.608,2.0,5439.0,2018-12-15 09:01:25 UTC,2018-12-15 09:01:25 UTC
179388,1416668400,NYC,newyorkcoin,4.208,6.608,4.208,5.808,1.0,5692.0,2018-12-15 09:01:25 UTC,2018-12-15 09:01:25 UTC
179389,1416582000,NYC,newyorkcoin,8.208,8.308,4.208,4.208,25.0,4116.0,2018-12-15 09:01:25 UTC,2018-12-15 09:01:25 UTC
179390,1416495600,NYC,newyorkcoin,708.0,8.708,6.808,8.208,4.0,7950.0,2018-12-15 09:01:25 UTC,2018-12-15 09:01:25 UTC
179391,1416409200,NYC,newyorkcoin,9.208,9.308,6.808,708.0,2.0,6802.0,2018-12-15 09:01:25 UTC,2018-12-15 09:01:25 UTC
179392,1416322800,NYC,newyorkcoin,7.508,9.308,7.208,7.208,3.0,7016.0,2018-12-15 09:01:25 UTC,2018-12-15 09:01:25 UTC
179393,1416236400,NYC,newyorkcoin,7.508,9.108,7.408,7.408,6.0,7240.0,2018-12-15 09:01:25 UTC,2018-12-15 09:01:25 UTC
179394,1416150000,NYC,newyorkcoin,9.908,107.0,7.408,7.608,2.0,7415.0,2018-12-15 09:01:25 UTC,2018-12-15 09:01:25 UTC
179395,1416063600,NYC,newyorkcoin,1.507,1.607,7.308,9.908,1.0,9633.0,2018-12-15 09:01:25 UTC,2018-12-15 09:01:25 UTC
179396,1415977200,NYC,newyorkcoin,808.0,1.607,7.508,1.507,7.0,14898.0,2018-12-15 09:01:25 UTC,2018-12-15 09:01:25 UTC
179397,1415890800,NYC,newyorkcoin,107.0,107.0,7.708,808.0,27.0,7814.0,2018-12-15 09:01:25 UTC,2018-12-15 09:01:25 UTC
179398,1415804400,NYC,newyorkcoin,7.908,1.807,7.808,107.0,35.0,10071.0,2018-12-15 09:01:25 UTC,2018-12-15 09:01:25 UTC
179399,1415718000,NYC,newyorkcoin,7.308,9.108,7.208,7.908,1.0,7639.0,2018-12-15 09:01:25 UTC,2018-12-15 09:01:25 UTC
179400,1415631600,NYC,newyorkcoin,6.808,107.0,5.808,7.308,2.0,7055.0,2018-12-15 09:01:25 UTC,2018-12-15 09:01:25 UTC
179401,1415545200,NYC,newyorkcoin,9.608,9.608,6.808,6.808,9.0,6588.0,2018-12-15 09:01:25 UTC,2018-12-15 09:01:25 UTC
179402,1415458800,NYC,newyorkcoin,8.508,107.0,7.108,9.608,4.0,9312.0,2018-12-15 09:01:25 UTC,2018-12-15 09:01:25 UTC
179403,1415372400,NYC,newyorkcoin,9.808,9.808,808.0,8.608,7.0,8330.0,2018-12-15 09:01:25 UTC,2018-12-15 09:01:25 UTC
179404,1415286000,NYC,newyorkcoin,9.408,9.908,8.708,9.808,1.0,9536.0,2018-12-15 09:01:25 UTC,2018-12-15 09:01:25 UTC
179405,1415199600,NYC,newyorkcoin,7.608,9.508,7.108,9.408,2.0,9176.0,2018-12-15 09:01:25 UTC,2018-12-15 09:01:25 UTC
179406,1415113200,NYC,newyorkcoin,7.208,7.808,6.708,7.708,10.0,7454.0,2018-12-15 09:01:25 UTC,2018-12-15 09:01:25 UTC
179407,1415026800,NYC,newyorkcoin,8.108,1.407,708.0,7.208,6.0,7016.0,2018-12-15 09:01:25 UTC,2018-12-15 09:01:25 UTC
179408,1414940400,NYC,newyorkcoin,6.408,2.307,6.408,8.108,3.0,7872.0,2018-12-15 09:01:25 UTC,2018-12-15 09:01:25 UTC
179409,1414854000,NYC,newyorkcoin,107.0,2.207,6.408,6.508,82.0,6296.0,2018-12-15 09:01:25 UTC,2018-12-15 09:01:25 UTC
179410,1414767600,NYC,newyorkcoin,1.307,1.307,9.908,107.0,11.0,9779.0,2018-12-15 09:01:25 UTC,2018-12-15 09:01:25 UTC
179411,1414681200,NYC,newyorkcoin,1.107,1.307,8.108,1.307,27.0,12212.0,2018-12-15 09:01:25 UTC,2018-12-15 09:01:25 UTC
179412,1414594800,NYC,newyorkcoin,1.107,1.107,8.808,1.107,4.0,10246.0,2018-12-15 09:01:25 UTC,2018-12-15 09:01:25 UTC
179413,1414508400,NYC,newyorkcoin,9.808,1.207,8.108,1.107,17.0,10733.0,2018-12-15 09:01:25 UTC,2018-12-15 09:01:25 UTC
179414,1414422000,NYC,newyorkcoin,1.107,1.407,7.308,8.108,17.0,7872.0,2018-12-15 09:01:25 UTC,2018-12-15 09:01:25 UTC
179415,1414335600,NYC,newyorkcoin,1.407,1.507,9.108,1.107,1.0,10626.0,2018-12-15 09:01:25 UTC,2018-12-15 09:01:25 UTC
179416,1414249200,NYC,newyorkcoin,1.207,1.407,5.808,1.407,2.0,13234.0,2018-12-15 09:01:25 UTC,2018-12-15 09:01:25 UTC
179417,1414162800,NYC,newyorkcoin,6.708,1.507,5.808,1.207,13.0,11511.0,2018-12-15 09:01:25 UTC,2018-12-15 09:01:25 UTC
179418,1414076400,NYC,newyorkcoin,1.107,1.107,5.108,6.708,3.0,6539.0,2018-12-15 09:01:25 UTC,2018-12-15 09:01:25 UTC
179419,1413990000,NYC,newyorkcoin,6.408,1.107,5.108,1.107,5.0,10509.0,2018-12-15 09:01:25 UTC,2018-12-15 09:01:25 UTC
179420,1413903600,NYC,newyorkcoin,8.208,1.107,6.308,6.408,8.0,6208.0,2018-12-15 09:01:25 UTC,2018-12-15 09:01:25 UTC
179421,1413817200,NYC,newyorkcoin,1.107,1.207,7.808,9.208,10.0,8991.0,2018-12-15 09:01:25 UTC,2018-12-15 09:01:25 UTC
179422,1413730800,NYC,newyorkcoin,7.808,1.407,7.208,1.107,27.0,10344.0,2018-12-15 09:01:25 UTC,2018-12-15 09:01:25 UTC
179423,1413644400,NYC,newyorkcoin,7.608,7.908,6.108,7.808,7.0,7629.0,2018-12-15 09:01:25 UTC,2018-12-15 09:01:25 UTC
179424,1413558000,NYC,newyorkcoin,7.408,7.608,5.108,7.608,1.0,7395.0,2018-12-15 09:01:25 UTC,2018-12-15 09:01:25 UTC
179425,1413471600,NYC,newyorkcoin,9.408,107.0,4.808,7.408,2.0,7181.0,2018-12-15 09:01:25 UTC,2018-12-15 09:01:25 UTC
179426,1413385200,NYC,newyorkcoin,8.108,9.508,5.108,9.408,4.0,9176.0,2018-12-15 09:01:25 UTC,2018-12-15 09:01:25 UTC
179427,1413298800,NYC,newyorkcoin,8.508,8.508,5.208,808.0,3.0,7804.0,2018-12-15 09:01:25 UTC,2018-12-15 09:01:25 UTC
179428,1413212400,NYC,newyorkcoin,5.408,8.508,5.408,8.508,31.0,8222.0,2018-12-15 09:01:25 UTC,2018-12-15 09:01:25 UTC
179429,1413126000,NYC,newyorkcoin,4.608,7.108,4.408,5.308,3.0,5206.0,2018-12-15 09:01:25 UTC,2018-12-15 09:01:25 UTC
179430,1413039600,NYC,newyorkcoin,1.107,1.107,4.608,4.608,1.0,4466.0,2018-12-15 09:01:25 UTC,2018-12-15 09:01:25 UTC
179431,1412953200,NYC,newyorkcoin,6.408,1.107,6.408,1.107,8.0,10237.0,2018-12-15 09:01:25 UTC,2018-12-15 09:01:25 UTC
179432,1412866800,NYC,newyorkcoin,1.407,1.507,6.308,6.408,8.0,6237.0,2018-12-15 09:01:25 UTC,2018-12-15 09:01:25 UTC
179433,1412780400,NYC,newyorkcoin,1.407,1.507,1.307,1.407,5.0,14090.0,2018-12-15 09:01:25 UTC,2018-12-15 09:01:25 UTC
179434,1412694000,NYC,newyorkcoin,1.407,1.507,9.508,1.407,6.0,13477.0,2018-12-15 09:01:25 UTC,2018-12-15 09:01:25 UTC
179435,1412607600,NYC,newyorkcoin,7.508,1.507,7.508,1.407,4.0,13341.0,2018-12-15 09:01:25 UTC,2018-12-15 09:01:25 UTC
179436,1412521200,NYC,newyorkcoin,1.207,1.407,7.208,9.308,1.0,9069.0,2018-12-15 09:01:25 UTC,2018-12-15 09:01:25 UTC
179437,1412434800,NYC,newyorkcoin,8.508,1.407,8.508,1.207,4.0,11609.0,2018-12-15 09:01:25 UTC,2018-12-15 09:01:25 UTC
179438,1412348400,NYC,newyorkcoin,2.807,307.0,8.308,8.508,17.0,8252.0,2018-12-15 09:01:26 UTC,2018-12-15 09:01:26 UTC
179439,1412262000,NYC,newyorkcoin,2.107,6.307,2.107,2.807,15.0,27665.0,2018-12-15 09:01:26 UTC,2018-12-15 09:01:26 UTC
179440,1412175600,NYC,newyorkcoin,1.107,2.107,7.708,2.107,15.0,20221.0,2018-12-15 09:01:26 UTC,2018-12-15 09:01:26 UTC
179441,1412089200,NYC,newyorkcoin,7.808,1.507,7.408,1.107,18.0,10918.0,2018-12-15 09:01:26 UTC,2018-12-15 09:01:26 UTC
179442,1412002800,NYC,newyorkcoin,1.607,1.707,7.808,7.808,13.0,7619.0,2018-12-15 09:01:26 UTC,2018-12-15 09:01:26 UTC
179443,1411916400,NYC,newyorkcoin,1.807,2.107,1.507,1.607,5.0,15550.0,2018-12-15 09:01:26 UTC,2018-12-15 09:01:26 UTC
179444,1411830000,NYC,newyorkcoin,2.707,2.707,1.407,1.807,4.0,17632.0,2018-12-15 09:01:26 UTC,2018-12-15 09:01:26 UTC
179445,1411743600,NYC,newyorkcoin,1.607,2.907,1.607,2.707,14.0,26224.0,2018-12-15 09:01:26 UTC,2018-12-15 09:01:26 UTC
179446,1411657200,NYC,newyorkcoin,2.307,2.307,1.307,1.607,3.0,15676.0,2018-12-15 09:01:26 UTC,2018-12-15 09:01:26 UTC
179447,1411570800,NYC,newyorkcoin,1.207,2.407,9.308,2.307,11.0,22741.0,2018-12-15 09:01:26 UTC,2018-12-15 09:01:26 UTC
179448,1411484400,NYC,newyorkcoin,1.507,2.307,1.107,1.207,44.0,11940.0,2018-12-15 09:01:26 UTC,2018-12-15 09:01:26 UTC
179449,1411398000,NYC,newyorkcoin,1.107,207.0,9.208,1.507,13.0,15005.0,2018-12-15 09:01:26 UTC,2018-12-15 09:01:26 UTC
179450,1411311600,NYC,newyorkcoin,2.107,2.307,1.107,1.907,53.0,18887.0,2018-12-15 09:01:26 UTC,2018-12-15 09:01:26 UTC
179451,1411225200,NYC,newyorkcoin,1.207,2.107,8.408,2.107,9.0,20036.0,2018-12-15 09:01:26 UTC,2018-12-15 09:01:26 UTC
179452,1411138800,NYC,newyorkcoin,1.507,1.607,8.108,1.207,23.0,11764.0,2018-12-15 09:01:26 UTC,2018-12-15 09:01:26 UTC
179453,1411052400,NYC,newyorkcoin,5.108,2.507,5.108,1.507,4.0,14762.0,2018-12-15 09:01:26 UTC,2018-12-15 09:01:26 UTC
179454,1410966000,NYC,newyorkcoin,1.807,2.507,508.0,5.108,4.0,4972.0,2018-12-15 09:01:26 UTC,2018-12-15 09:01:26 UTC
179455,1410879600,NYC,newyorkcoin,9.708,2.107,5.308,1.807,2.0,17807.0,2018-12-15 09:01:26 UTC,2018-12-15 09:01:26 UTC
179456,1410793200,NYC,newyorkcoin,2.507,2.507,4.109,9.708,3.0,9439.0,2018-12-15 09:01:26 UTC,2018-12-15 09:01:26 UTC
179457,1410706800,NYC,newyorkcoin,5.808,2.807,3.409,2.507,84.0,24278.0,2018-12-15 09:01:26 UTC,2018-12-15 09:01:26 UTC
179458,1410620400,NYC,newyorkcoin,2.407,2.507,4.808,5.808,15.0,5692.0,2018-12-15 09:01:26 UTC,2018-12-15 09:01:26 UTC
179459,1410534000,NYC,newyorkcoin,1.907,2.607,1.907,2.407,4.0,23510.0,2018-12-15 09:01:26 UTC,2018-12-15 09:01:26 UTC
179460,1410447600,NYC,newyorkcoin,1.707,2.607,1.207,1.907,3.0,18187.0,2018-12-15 09:01:26 UTC,2018-12-15 09:01:26 UTC
179461,1410361200,NYC,newyorkcoin,1.807,2.407,1.607,1.707,7.0,16221.0,2018-12-15 09:01:26 UTC,2018-12-15 09:01:26 UTC
179462,1410274800,NYC,newyorkcoin,2.307,2.507,1.707,1.807,13.0,17768.0,2018-12-15 09:01:26 UTC,2018-12-15 09:01:26 UTC
179463,1410188400,NYC,newyorkcoin,207.0,2.707,1.307,2.307,5.0,22390.0,2018-12-15 09:01:26 UTC,2018-12-15 09:01:26 UTC
179464,1410102000,NYC,newyorkcoin,3.107,3.107,1.407,207.0,65.0,19802.0,2018-12-15 09:01:26 UTC,2018-12-15 09:01:26 UTC
179465,1410015600,NYC,newyorkcoin,1.907,3.307,1.907,3.107,1.0,30516.0,2018-12-15 09:01:26 UTC,2018-12-15 09:01:26 UTC
179466,1409929200,NYC,newyorkcoin,2.107,2.0e-06,1.507,1.907,0.0,18810.0,2018-12-15 09:01:26 UTC,2018-12-15 09:01:26 UTC
179467,1409842800,NYC,newyorkcoin,1.307,2.107,1.207,207.0,1.0,19783.0,2018-12-15 09:01:26 UTC,2018-12-15 09:01:26 UTC
179468,1409756400,NYC,newyorkcoin,1.207,207.0,1.207,1.307,20.0,12533.0,2018-12-15 09:01:26 UTC,2018-12-15 09:01:26 UTC
179469,1409670000,NYC,newyorkcoin,1.407,1.407,9.608,1.207,2.0,11361.0,2018-12-15 09:01:26 UTC,2018-12-15 09:01:26 UTC
179470,1409583600,NYC,newyorkcoin,107.0,1.407,9.908,1.407,4.0,13271.0,2018-12-15 09:01:26 UTC,2018-12-15 09:01:26 UTC
179471,1409497200,NYC,newyorkcoin,9.708,1.607,9.708,107.0,2.0,9738.0,2018-12-15 09:01:26 UTC,2018-12-15 09:01:26 UTC
179472,1409410800,NYC,newyorkcoin,1.607,1.607,9.708,9.708,3.0,9451.0,2018-12-15 09:01:26 UTC,2018-12-15 09:01:26 UTC
179473,1409324400,NYC,newyorkcoin,1.607,1.607,1.507,1.607,1.0,15359.0,2018-12-15 09:01:26 UTC,2018-12-15 09:01:26 UTC
179474,1409238000,NYC,newyorkcoin,3.107,3.107,1.507,1.607,6.0,15614.0,2018-12-15 09:01:26 UTC,2018-12-15 09:01:26 UTC
179475,1409151600,NYC,newyorkcoin,1.107,3.207,1.107,3.107,5.0,29682.0,2018-12-15 09:01:26 UTC,2018-12-15 09:01:26 UTC
179476,1409065200,NYC,newyorkcoin,1.507,1.707,9.608,1.107,9.0,10578.0,2018-12-15 09:01:26 UTC,2018-12-15 09:01:26 UTC
179477,1408978800,NYC,newyorkcoin,107.0,1.607,107.0,1.507,49.0,14493.0,2018-12-15 09:01:26 UTC,2018-12-15 09:01:26 UTC
179478,1408892400,NYC,newyorkcoin,1.107,1.107,107.0,107.0,9.0,10163.0,2018-12-15 09:01:26 UTC,2018-12-15 09:01:26 UTC
179479,1408806000,NYC,newyorkcoin,1.507,1.707,1.107,1.107,11.0,10560.0,2018-12-15 09:01:26 UTC,2018-12-15 09:01:26 UTC
179480,1408719600,NYC,newyorkcoin,1.107,2.207,1.107,1.507,16.0,14434.0,2018-12-15 09:01:26 UTC,2018-12-15 09:01:26 UTC
179481,1408633200,NYC,newyorkcoin,1.107,1.407,9.708,1.107,12.0,10917.0,2018-12-15 09:01:26 UTC,2018-12-15 09:01:26 UTC
179482,1408546800,NYC,newyorkcoin,9.508,1.807,9.608,1.107,16.0,10337.0,2018-12-15 09:01:26 UTC,2018-12-15 09:01:26 UTC
179483,1408460400,NYC,newyorkcoin,908.0,1.507,7.708,9.508,22.0,9171.0,2018-12-15 09:01:26 UTC,2018-12-15 09:01:26 UTC
179484,1408374000,NYC,newyorkcoin,1.707,1.707,608.0,908.0,63.0,8662.0,2018-12-15 09:01:26 UTC,2018-12-15 09:01:26 UTC
179485,1408287600,NYC,newyorkcoin,1.707,1.807,1.407,1.707,16.0,16616.0,2018-12-15 09:01:26 UTC,2018-12-15 09:01:26 UTC
179486,1408201200,NYC,newyorkcoin,207.0,207.0,1.707,1.707,5.0,16649.0,2018-12-15 09:01:26 UTC,2018-12-15 09:01:26 UTC
179487,1408114800,NYC,newyorkcoin,207.0,207.0,1.907,207.0,6.0,19100.0,2018-12-15 09:01:26 UTC,2018-12-15 09:01:26 UTC
179488,1408028400,NYC,newyorkcoin,1.907,207.0,1.907,207.0,6.0,19156.0,2018-12-15 09:01:26 UTC,2018-12-15 09:01:26 UTC
179489,1407942000,NYC,newyorkcoin,1.607,1.907,1.507,1.907,9.0,17941.0,2018-12-15 09:01:26 UTC,2018-12-15 09:01:26 UTC
179490,1407855600,NYC,newyorkcoin,2.207,2.307,1.507,1.607,8.0,15283.0,2018-12-15 09:01:26 UTC,2018-12-15 09:01:26 UTC
179491,1407769200,NYC,newyorkcoin,2.507,2.807,1.707,2.207,20.0,21387.0,2018-12-15 09:01:26 UTC,2018-12-15 09:01:26 UTC
179492,1407682800,NYC,newyorkcoin,2.707,2.907,2.407,2.507,5.0,23688.0,2018-12-15 09:01:26 UTC,2018-12-15 09:01:26 UTC
179493,1407596400,NYC,newyorkcoin,3.807,4.107,2.707,2.707,17.0,26213.0,2018-12-15 09:01:26 UTC,2018-12-15 09:01:26 UTC
179494,1407510000,NYC,newyorkcoin,8.807,8.807,3.407,3.807,8.0,35789.0,2018-12-15 09:01:26 UTC,2018-12-15 09:01:26 UTC
179495,1407423600,NYC,newyorkcoin,3.407,2.0e-06,3.407,8.807,20.0,83905.0,2018-12-15 09:01:26 UTC,2018-12-15 09:01:26 UTC
179496,1407337200,NYC,newyorkcoin,1.0e-06,2.0e-06,3.407,3.407,6.0,32734.0,2018-12-15 09:01:26 UTC,2018-12-15 09:01:26 UTC
179497,1407250800,NYC,newyorkcoin,4.107,1.0e-06,2.807,1.0e-06,32.0,96467.0,2018-12-15 09:01:26 UTC,2018-12-15 09:01:26 UTC
179498,1407164400,NYC,newyorkcoin,3.807,6.307,2.507,3.707,6.0,34905.0,2018-12-15 09:01:26 UTC,2018-12-15 09:01:26 UTC
179499,1407078000,NYC,newyorkcoin,3.607,4.707,3.207,3.807,19.0,35632.0,2018-12-15 09:01:26 UTC,2018-12-15 09:01:26 UTC
179500,1406991600,NYC,newyorkcoin,1.0e-06,5.0e-06,3.307,3.607,23.0,33939.0,2018-12-15 09:01:26 UTC,2018-12-15 09:01:26 UTC
179501,1406905200,NYC,newyorkcoin,3.0e-06,3.0e-06,1.0e-06,1.0e-06,28.0,131578.0,2018-12-15 09:01:26 UTC,2018-12-15 09:01:26 UTC
179502,1406818800,NYC,newyorkcoin,6.0e-06,6.0e-06,3.507,3.0e-06,34.0,268537.0,2018-12-15 09:01:26 UTC,2018-12-15 09:01:26 UTC
179503,1406732400,NYC,newyorkcoin,4.0e-06,6.0e-06,3.507,6.0e-06,32.0,542048.0,2018-12-15 09:01:26 UTC,2018-12-15 09:01:26 UTC
179504,1406646000,NYC,newyorkcoin,5.607,5.0e-06,5.607,4.0e-06,38.0,409712.0,2018-12-15 09:01:26 UTC,2018-12-15 09:01:26 UTC
179505,1406559600,NYC,newyorkcoin,4.907,6.307,1.607,5.607,118.0,52646.0,2018-12-15 09:01:26 UTC,2018-12-15 09:01:26 UTC
179506,1406473200,NYC,newyorkcoin,5.407,6.307,4.307,4.907,19.0,46309.0,2018-12-15 09:01:26 UTC,2018-12-15 09:01:26 UTC
179507,1406386800,NYC,newyorkcoin,1.0e-06,1.0e-06,2.507,5.407,135.0,51022.0,2018-12-15 09:01:26 UTC,2018-12-15 09:01:26 UTC
179508,1406300400,NYC,newyorkcoin,5.0e-06,6.0e-06,1.0e-06,1.0e-06,165.0,118196.0,2018-12-15 09:01:26 UTC,2018-12-15 09:01:26 UTC
179509,1406214000,NYC,newyorkcoin,1.907,5.0e-06,1.907,5.0e-06,199.0,476262.0,2018-12-15 09:01:26 UTC,2018-12-15 09:01:26 UTC
179510,1406127600,NYC,newyorkcoin,307.0,3.507,1.907,1.907,9.0,17832.0,2018-12-15 09:01:26 UTC,2018-12-15 09:01:26 UTC
179511,1406041200,NYC,newyorkcoin,6.0e-06,6.0e-06,2.707,3.107,19.0,29115.0,2018-12-15 09:01:26 UTC,2018-12-15 09:01:26 UTC
179512,1405954800,NYC,newyorkcoin,6.0e-06,6.0e-06,6.0e-06,6.0e-06,0.0,581898.0,2018-12-15 09:01:26 UTC,2018-12-15 09:01:26 UTC
179513,1405868400,NYC,newyorkcoin,6.0e-06,6.0e-06,6.0e-06,6.0e-06,0.0,581396.0,2018-12-15 09:01:26 UTC,2018-12-15 09:01:26 UTC
179514,1405782000,NYC,newyorkcoin,6.0e-06,6.0e-06,6.0e-06,6.0e-06,0.0,582327.0,2018-12-15 09:01:26 UTC,2018-12-15 09:01:26 UTC
179515,1405695600,NYC,newyorkcoin,6.0e-06,6.0e-06,6.0e-06,6.0e-06,0.0,585011.0,2018-12-15 09:01:26 UTC,2018-12-15 09:01:26 UTC
179516,1405609200,NYC,newyorkcoin,6.0e-06,6.0e-06,6.0e-06,6.0e-06,0.0,579576.0,2018-12-15 09:01:26 UTC,2018-12-15 09:01:26 UTC
179517,1405522800,NYC,newyorkcoin,6.0e-06,6.0e-06,6.0e-06,6.0e-06,2.0,574331.0,2018-12-15 09:01:26 UTC,2018-12-15 09:01:26 UTC
179518,1405436400,NYC,newyorkcoin,6.0e-06,6.0e-06,6.0e-06,6.0e-06,0.0,568542.0,2018-12-15 09:01:26 UTC,2018-12-15 09:01:26 UTC
179519,1405090800,NYC,newyorkcoin,6.0e-06,6.0e-06,6.0e-06,6.0e-06,0.0,581256.0,2018-12-15 09:01:26 UTC,2018-12-15 09:01:26 UTC
179520,1405004400,NYC,newyorkcoin,6.0e-06,6.0e-06,6.0e-06,6.0e-06,0.0,579212.0,2018-12-15 09:01:26 UTC,2018-12-15 09:01:26 UTC
179521,1404831600,NYC,newyorkcoin,6.0e-06,6.0e-06,6.0e-06,6.0e-06,0.0,568786.0,2018-12-15 09:01:26 UTC,2018-12-15 09:01:26 UTC
179522,1404745200,NYC,newyorkcoin,6.0e-06,6.0e-06,6.0e-06,6.0e-06,0.0,569198.0,2018-12-15 09:01:26 UTC,2018-12-15 09:01:26 UTC
179523,1404486000,NYC,newyorkcoin,6.0e-06,6.0e-06,6.0e-06,6.0e-06,0.0,572494.0,2018-12-15 09:01:26 UTC,2018-12-15 09:01:26 UTC
179524,1404399600,NYC,newyorkcoin,6.0e-06,6.0e-06,6.0e-06,6.0e-06,0.0,570018.0,2018-12-15 09:01:26 UTC,2018-12-15 09:01:26 UTC
179525,1404313200,NYC,newyorkcoin,7.0e-06,7.0e-06,6.0e-06,6.0e-06,1.0,581702.0,2018-12-15 09:01:26 UTC,2018-12-15 09:01:26 UTC
179526,1404226800,NYC,newyorkcoin,6.0e-06,7.0e-06,6.0e-06,7.0e-06,0.0,585992.0,2018-12-15 09:01:26 UTC,2018-12-15 09:01:26 UTC
179527,1404140400,NYC,newyorkcoin,6.0e-06,7.0e-06,6.0e-06,6.0e-06,1.0,575179.0,2018-12-15 09:01:26 UTC,2018-12-15 09:01:26 UTC
179528,1404054000,NYC,newyorkcoin,6.0e-06,6.0e-06,6.0e-06,6.0e-06,14.0,573428.0,2018-12-15 09:01:26 UTC,2018-12-15 09:01:26 UTC
179529,1403967600,NYC,newyorkcoin,6.0e-06,6.0e-06,6.0e-06,6.0e-06,1.0,538916.0,2018-12-15 09:01:26 UTC,2018-12-15 09:01:26 UTC
179530,1403881200,NYC,newyorkcoin,6.0e-06,6.0e-06,6.0e-06,6.0e-06,30.0,532671.0,2018-12-15 09:01:26 UTC,2018-12-15 09:01:26 UTC
179531,1403794800,NYC,newyorkcoin,6.0e-06,6.0e-06,6.0e-06,6.0e-06,25.0,532278.0,2018-12-15 09:01:26 UTC,2018-12-15 09:01:26 UTC
179532,1403708400,NYC,newyorkcoin,6.0e-06,6.0e-06,6.0e-06,6.0e-06,0.0,515886.0,2018-12-15 09:01:26 UTC,2018-12-15 09:01:26 UTC
179533,1403535600,NYC,newyorkcoin,6.0e-06,6.0e-06,6.0e-06,6.0e-06,1.0,525226.0,2018-12-15 09:01:26 UTC,2018-12-15 09:01:26 UTC
179534,1403449200,NYC,newyorkcoin,6.0e-06,6.0e-06,6.0e-06,6.0e-06,1.0,524921.0,2018-12-15 09:01:26 UTC,2018-12-15 09:01:26 UTC
179535,1403362800,NYC,newyorkcoin,6.0e-06,6.0e-06,6.0e-06,6.0e-06,1.0,531470.0,2018-12-15 09:01:26 UTC,2018-12-15 09:01:26 UTC
179536,1403276400,NYC,newyorkcoin,6.0e-06,6.0e-06,6.0e-06,6.0e-06,1.0,524825.0,2018-12-15 09:01:26 UTC,2018-12-15 09:01:26 UTC
179537,1403190000,NYC,newyorkcoin,6.0e-06,6.0e-06,6.0e-06,6.0e-06,0.0,521204.0,2018-12-15 09:01:26 UTC,2018-12-15 09:01:26 UTC
179538,1403103600,NYC,newyorkcoin,6.0e-06,6.0e-06,6.0e-06,6.0e-06,0.0,524876.0,2018-12-15 09:01:26 UTC,2018-12-15 09:01:26 UTC
179539,1403017200,NYC,newyorkcoin,6.0e-06,6.0e-06,6.0e-06,6.0e-06,0.0,531392.0,2018-12-15 09:01:26 UTC,2018-12-15 09:01:26 UTC
179540,1402930800,NYC,newyorkcoin,6.0e-06,6.0e-06,6.0e-06,6.0e-06,1.0,531963.0,2018-12-15 09:01:26 UTC,2018-12-15 09:01:26 UTC
179541,1402844400,NYC,newyorkcoin,6.0e-06,6.0e-06,6.0e-06,6.0e-06,1.0,512901.0,2018-12-15 09:01:26 UTC,2018-12-15 09:01:26 UTC
179542,1402671600,NYC,newyorkcoin,6.0e-06,6.0e-06,6.0e-06,6.0e-06,0.0,512823.0,2018-12-15 09:01:26 UTC,2018-12-15 09:01:26 UTC
179543,1402585200,NYC,newyorkcoin,6.0e-06,6.0e-06,6.0e-06,6.0e-06,2.0,513448.0,2018-12-15 09:01:26 UTC,2018-12-15 09:01:26 UTC
179544,1402498800,NYC,newyorkcoin,6.0e-06,6.0e-06,6.0e-06,6.0e-06,0.0,503335.0,2018-12-15 09:01:26 UTC,2018-12-15 09:01:26 UTC
179545,1402412400,NYC,newyorkcoin,7.0e-06,7.0e-06,6.0e-06,6.0e-06,64.0,538270.0,2018-12-15 09:01:26 UTC,2018-12-15 09:01:26 UTC
179546,1402326000,NYC,newyorkcoin,7.0e-06,7.0e-06,6.0e-06,7.0e-06,39.0,552238.0,2018-12-15 09:01:26 UTC,2018-12-15 09:01:26 UTC
179547,1402239600,NYC,newyorkcoin,7.0e-06,7.0e-06,6.0e-06,6.0e-06,1.0,546806.0,2018-12-15 09:01:26 UTC,2018-12-15 09:01:26 UTC
179548,1402153200,NYC,newyorkcoin,7.0e-06,7.0e-06,7.0e-06,7.0e-06,2.0,550353.0,2018-12-15 09:01:26 UTC,2018-12-15 09:01:26 UTC
179549,1402066800,NYC,newyorkcoin,7.0e-06,7.0e-06,6.0e-06,7.0e-06,0.0,545375.0,2018-12-15 09:01:26 UTC,2018-12-15 09:01:26 UTC
179550,1401980400,NYC,newyorkcoin,7.0e-06,7.0e-06,7.0e-06,7.0e-06,0.0,543923.0,2018-12-15 09:01:26 UTC,2018-12-15 09:01:26 UTC
179551,1401894000,NYC,newyorkcoin,6.0e-06,6.0e-06,6.0e-06,6.0e-06,1.0,529531.0,2018-12-15 09:01:26 UTC,2018-12-15 09:01:26 UTC
179552,1401807600,NYC,newyorkcoin,7.0e-06,7.0e-06,6.0e-06,6.0e-06,1.0,528709.0,2018-12-15 09:01:26 UTC,2018-12-15 09:01:26 UTC
179553,1401721200,NYC,newyorkcoin,7.0e-06,7.0e-06,7.0e-06,7.0e-06,67.0,547905.0,2018-12-15 09:01:26 UTC,2018-12-15 09:01:26 UTC
179554,1401548400,NYC,newyorkcoin,6.0e-06,7.0e-06,6.0e-06,6.0e-06,0.0,525088.0,2018-12-15 09:01:26 UTC,2018-12-15 09:01:26 UTC
179555,1401462000,NYC,newyorkcoin,6.0e-06,6.0e-06,6.0e-06,6.0e-06,0.0,505986.0,2018-12-15 09:01:26 UTC,2018-12-15 09:01:26 UTC
179556,1401375600,NYC,newyorkcoin,6.0e-06,6.0e-06,6.0e-06,6.0e-06,1.0,496215.0,2018-12-15 09:01:26 UTC,2018-12-15 09:01:26 UTC
179557,1401289200,NYC,newyorkcoin,6.0e-06,6.0e-06,6.0e-06,6.0e-06,1.0,455032.0,2018-12-15 09:01:26 UTC,2018-12-15 09:01:26 UTC
179558,1401202800,NYC,newyorkcoin,6.0e-06,6.0e-06,6.0e-06,6.0e-06,2.0,460729.0,2018-12-15 09:01:26 UTC,2018-12-15 09:01:26 UTC
179559,1401116400,NYC,newyorkcoin,6.0e-06,6.0e-06,6.0e-06,6.0e-06,0.0,458273.0,2018-12-15 09:01:26 UTC,2018-12-15 09:01:26 UTC
179560,1401030000,NYC,newyorkcoin,6.0e-06,6.0e-06,6.0e-06,6.0e-06,0.0,461839.0,2018-12-15 09:01:26 UTC,2018-12-15 09:01:26 UTC
179561,1400943600,NYC,newyorkcoin,5.0e-06,6.0e-06,5.0e-06,6.0e-06,1.0,449866.0,2018-12-15 09:01:26 UTC,2018-12-15 09:01:26 UTC
179562,1400857200,NYC,newyorkcoin,5.0e-06,5.0e-06,5.0e-06,5.0e-06,0.0,412061.0,2018-12-15 09:01:26 UTC,2018-12-15 09:01:26 UTC
179563,1400770800,NYC,newyorkcoin,5.0e-06,5.0e-06,5.0e-06,5.0e-06,0.0,406764.0,2018-12-15 09:01:26 UTC,2018-12-15 09:01:26 UTC
179564,1400684400,NYC,newyorkcoin,5.0e-06,5.0e-06,5.0e-06,5.0e-06,6.0,407369.0,2018-12-15 09:01:26 UTC,2018-12-15 09:01:26 UTC
179565,1400598000,NYC,newyorkcoin,5.0e-06,5.0e-06,5.0e-06,5.0e-06,0.0,380473.0,2018-12-15 09:01:26 UTC,2018-12-15 09:01:26 UTC
179566,1400511600,NYC,newyorkcoin,4.0e-06,5.0e-06,4.0e-06,5.0e-06,0.0,374375.0,2018-12-15 09:01:26 UTC,2018-12-15 09:01:26 UTC
179567,1400425200,NYC,newyorkcoin,4.0e-06,4.0e-06,4.0e-06,4.0e-06,20.0,342099.0,2018-12-15 09:01:26 UTC,2018-12-15 09:01:26 UTC
179568,1400338800,NYC,newyorkcoin,4.0e-06,4.0e-06,4.0e-06,4.0e-06,0.0,340459.0,2018-12-15 09:01:26 UTC,2018-12-15 09:01:26 UTC
179569,1400252400,NYC,newyorkcoin,4.0e-06,5.0e-06,4.0e-06,4.0e-06,25.0,340821.0,2018-12-15 09:01:26 UTC,2018-12-15 09:01:26 UTC
179570,1400166000,NYC,newyorkcoin,4.0e-06,5.0e-06,4.0e-06,4.0e-06,0.0,339187.0,2018-12-15 09:01:26 UTC,2018-12-15 09:01:26 UTC
179571,1400079600,NYC,newyorkcoin,4.0e-06,4.0e-06,4.0e-06,4.0e-06,23.0,336551.0,2018-12-15 09:01:26 UTC,2018-12-15 09:01:26 UTC
179572,1399993200,NYC,newyorkcoin,4.0e-06,4.0e-06,4.0e-06,4.0e-06,8.0,331877.0,2018-12-15 09:01:26 UTC,2018-12-15 09:01:26 UTC
179573,1399906800,NYC,newyorkcoin,4.0e-06,4.0e-06,4.0e-06,4.0e-06,6.0,326234.0,2018-12-15 09:01:26 UTC,2018-12-15 09:01:26 UTC
179574,1399820400,NYC,newyorkcoin,4.0e-06,4.0e-06,4.0e-06,4.0e-06,11.0,323054.0,2018-12-15 09:01:26 UTC,2018-12-15 09:01:26 UTC
179575,1399734000,NYC,newyorkcoin,5.0e-06,5.0e-06,4.0e-06,4.0e-06,687.0,318540.0,2018-12-15 09:01:26 UTC,2018-12-15 09:01:26 UTC
179576,1399647600,NYC,newyorkcoin,4.0e-06,5.0e-06,4.0e-06,5.0e-06,8.0,326792.0,2018-12-15 09:01:26 UTC,2018-12-15 09:01:26 UTC
179577,1399561200,NYC,newyorkcoin,4.0e-06,5.0e-06,4.0e-06,5.0e-06,80.0,320264.0,2018-12-15 09:01:26 UTC,2018-12-15 09:01:26 UTC
179578,1399474800,NYC,newyorkcoin,4.0e-06,4.0e-06,4.0e-06,4.0e-06,51.0,310069.0,2018-12-15 09:01:26 UTC,2018-12-15 09:01:26 UTC
179579,1399388400,NYC,newyorkcoin,4.0e-06,4.0e-06,4.0e-06,4.0e-06,32.0,306427.0,2018-12-15 09:01:26 UTC,2018-12-15 09:01:26 UTC
179580,1399302000,NYC,newyorkcoin,4.0e-06,4.0e-06,4.0e-06,4.0e-06,66.0,296863.0,2018-12-15 09:01:26 UTC,2018-12-15 09:01:26 UTC
